timestamp,commit_hash,pr_number,kind,name,value
2026-02-06T15:02:15Z,7e7d5d8c97a8904890a2adfd4ee81cb8faa20ab9,5357,size_in_bytes,bin/generate_cached_generic_functions.exe,50656728
2026-02-06T15:02:15Z,7e7d5d8c97a8904890a2adfd4ee81cb8faa20ab9,5357,size_in_bytes,bin/ocamlopt.opt,65124336
2026-02-06T15:02:15Z,7e7d5d8c97a8904890a2adfd4ee81cb8faa20ab9,5357,size_in_bytes,bin/ocamlc.opt,26456176
2026-02-06T15:02:15Z,7e7d5d8c97a8904890a2adfd4ee81cb8faa20ab9,5357,size_in_bytes,bin/ocamlmktop.opt,25879360
2026-02-06T15:02:15Z,7e7d5d8c97a8904890a2adfd4ee81cb8faa20ab9,5357,size_in_bytes,bin/ocamlmklib.opt,25920560
2026-02-06T15:02:15Z,7e7d5d8c97a8904890a2adfd4ee81cb8faa20ab9,5357,size_in_bytes,bin/extract_externals.opt,25976168
2026-02-06T15:02:15Z,7e7d5d8c97a8904890a2adfd4ee81cb8faa20ab9,5357,size_in_bytes,bin/ocamlobjinfo.opt,42830688
2026-02-06T15:02:15Z,7e7d5d8c97a8904890a2adfd4ee81cb8faa20ab9,5357,size_in_bytes,bin/dumpobj.opt,7533416
2026-02-06T15:02:15Z,7e7d5d8c97a8904890a2adfd4ee81cb8faa20ab9,5357,size_in_bytes,bin/ocamllex.opt,3950824
2026-02-06T15:02:15Z,7e7d5d8c97a8904890a2adfd4ee81cb8faa20ab9,5357,size_in_bytes,bin/ocamlj.opt,57212720
2026-02-06T15:02:15Z,7e7d5d8c97a8904890a2adfd4ee81cb8faa20ab9,5357,size_in_bytes,bin/ocamldoc.opt,35554656
2026-02-06T15:02:15Z,7e7d5d8c97a8904890a2adfd4ee81cb8faa20ab9,5357,size_in_bytes,bin/ocamldep.opt,25878656
2026-02-06T15:02:15Z,7e7d5d8c97a8904890a2adfd4ee81cb8faa20ab9,5357,size_in_bytes,lib/ocaml/libasmrunnnp.a,3540486
2026-02-06T15:02:15Z,7e7d5d8c97a8904890a2adfd4ee81cb8faa20ab9,5357,size_in_bytes,lib/ocaml/libasmrun_pic.a,3316400
2026-02-06T15:02:15Z,7e7d5d8c97a8904890a2adfd4ee81cb8faa20ab9,5357,size_in_bytes,lib/ocaml/libasmrun.a,3540406
2026-02-06T15:02:15Z,7e7d5d8c97a8904890a2adfd4ee81cb8faa20ab9,5357,size_in_bytes,lib/ocaml/libcamlrun_pic.a,3488604
2026-02-06T15:02:15Z,7e7d5d8c97a8904890a2adfd4ee81cb8faa20ab9,5357,size_in_bytes,lib/ocaml/libcamlrund.a,4031322
2026-02-06T15:02:15Z,7e7d5d8c97a8904890a2adfd4ee81cb8faa20ab9,5357,size_in_bytes,lib/ocaml/camlinternaleval.a,51092
2026-02-06T15:02:15Z,7e7d5d8c97a8904890a2adfd4ee81cb8faa20ab9,5357,size_in_bytes,lib/ocaml/libcamlrun.a,3731864
2026-02-06T15:02:15Z,7e7d5d8c97a8904890a2adfd4ee81cb8faa20ab9,5357,size_in_bytes,lib/ocaml/libstr_stubs_native.a,45170
2026-02-06T15:02:15Z,7e7d5d8c97a8904890a2adfd4ee81cb8faa20ab9,5357,size_in_bytes,lib/ocaml/libcamlruni.a,3801834
2026-02-06T15:02:15Z,7e7d5d8c97a8904890a2adfd4ee81cb8faa20ab9,5357,size_in_bytes,lib/ocaml/stdlib.a,6001256
2026-02-06T15:02:15Z,7e7d5d8c97a8904890a2adfd4ee81cb8faa20ab9,5357,size_in_bytes,lib/ocaml/libunix_stubs_native.a,1282754
2026-02-06T15:02:15Z,7e7d5d8c97a8904890a2adfd4ee81cb8faa20ab9,5357,size_in_bytes,lib/ocaml/libcamlinternaleval_stubs.a,5116
2026-02-06T15:02:15Z,7e7d5d8c97a8904890a2adfd4ee81cb8faa20ab9,5357,size_in_bytes,lib/ocaml/libasmruni.a,3610254
2026-02-06T15:02:15Z,7e7d5d8c97a8904890a2adfd4ee81cb8faa20ab9,5357,size_in_bytes,lib/ocaml/libasmrund.a,3796852
2026-02-06T15:02:15Z,7e7d5d8c97a8904890a2adfd4ee81cb8faa20ab9,5357,size_in_bytes,lib/ocaml/stdlib_upstream_compatible/stdlib_upstream_compatible.a,197324
2026-02-06T15:02:15Z,7e7d5d8c97a8904890a2adfd4ee81cb8faa20ab9,5357,size_in_bytes,lib/ocaml/unix/libunix_stubs.a,1282754
2026-02-06T15:02:15Z,7e7d5d8c97a8904890a2adfd4ee81cb8faa20ab9,5357,size_in_bytes,lib/ocaml/unix/unix.a,327804
2026-02-06T15:02:15Z,7e7d5d8c97a8904890a2adfd4ee81cb8faa20ab9,5357,size_in_bytes,lib/ocaml/stdlib_alpha/stdlib_alpha.a,3030
2026-02-06T15:02:15Z,7e7d5d8c97a8904890a2adfd4ee81cb8faa20ab9,5357,size_in_bytes,lib/ocaml/ocaml-jit/jit.a,208844
2026-02-06T15:02:15Z,7e7d5d8c97a8904890a2adfd4ee81cb8faa20ab9,5357,size_in_bytes,lib/ocaml/ocaml-jit/libjit_stubs.a,42194
2026-02-06T15:02:15Z,7e7d5d8c97a8904890a2adfd4ee81cb8faa20ab9,5357,size_in_bytes,lib/ocaml/stdlib_beta/stdlib_beta.a,3014
2026-02-06T15:02:15Z,7e7d5d8c97a8904890a2adfd4ee81cb8faa20ab9,5357,size_in_bytes,lib/ocaml/stdlib_stable/stdlib_stable.a,633806
2026-02-06T15:02:15Z,7e7d5d8c97a8904890a2adfd4ee81cb8faa20ab9,5357,size_in_bytes,lib/ocaml/dynlink/dynlink.a,24588248
2026-02-06T15:02:15Z,7e7d5d8c97a8904890a2adfd4ee81cb8faa20ab9,5357,size_in_bytes,lib/ocaml/threads/threads.a,144982
2026-02-06T15:02:15Z,7e7d5d8c97a8904890a2adfd4ee81cb8faa20ab9,5357,size_in_bytes,lib/ocaml/compiler-libs/libflambda2_floats_stubs_native.a,42676
2026-02-06T15:02:15Z,7e7d5d8c97a8904890a2adfd4ee81cb8faa20ab9,5357,size_in_bytes,lib/ocaml/compiler-libs/libflambda2_floats_stubs.a,42676
2026-02-06T15:02:15Z,7e7d5d8c97a8904890a2adfd4ee81cb8faa20ab9,5357,size_in_bytes,lib/ocaml/compiler-libs/libcompiler_owee_stubs.a,14788
2026-02-06T15:02:15Z,7e7d5d8c97a8904890a2adfd4ee81cb8faa20ab9,5357,size_in_bytes,lib/ocaml/compiler-libs/libgc_timings_stubs.a,21614
2026-02-06T15:02:15Z,7e7d5d8c97a8904890a2adfd4ee81cb8faa20ab9,5357,size_in_bytes,lib/ocaml/compiler-libs/libflambda2_algorithms_stubs_native.a,5634
2026-02-06T15:02:15Z,7e7d5d8c97a8904890a2adfd4ee81cb8faa20ab9,5357,size_in_bytes,lib/ocaml/compiler-libs/libflambda2_algorithms_stubs.a,5634
2026-02-06T15:02:15Z,7e7d5d8c97a8904890a2adfd4ee81cb8faa20ab9,5357,size_in_bytes,lib/ocaml/compiler-libs/ocamlbytecomp.a,1049374
2026-02-06T15:02:15Z,7e7d5d8c97a8904890a2adfd4ee81cb8faa20ab9,5357,size_in_bytes,lib/ocaml/compiler-libs/ocamlcommon.a,35103524
2026-02-06T15:02:15Z,7e7d5d8c97a8904890a2adfd4ee81cb8faa20ab9,5357,size_in_bytes,lib/ocaml/compiler-libs/libcompiler_owee_stubs_native.a,14788
2026-02-06T15:02:15Z,7e7d5d8c97a8904890a2adfd4ee81cb8faa20ab9,5357,size_in_bytes,lib/ocaml/compiler-libs/libgc_timings_stubs_native.a,21614
2026-02-06T15:02:15Z,7e7d5d8c97a8904890a2adfd4ee81cb8faa20ab9,5357,size_in_bytes,lib/ocaml/compiler-libs/ocamloptcomp.a,62980022
2026-02-06T15:02:15Z,7e7d5d8c97a8904890a2adfd4ee81cb8faa20ab9,5357,size_in_bytes,lib/ocaml/compiler-libs/ocamlopttoplevel.a,577888
2026-02-06T15:02:15Z,7e7d5d8c97a8904890a2adfd4ee81cb8faa20ab9,5357,size_in_bytes,lib/ocaml/compiler-libs/oxcaml_utils.a,156030
2026-02-06T15:02:15Z,7e7d5d8c97a8904890a2adfd4ee81cb8faa20ab9,5357,size_in_bytes,lib/ocaml/str/str.a,173236
2026-02-06T15:02:15Z,7e7d5d8c97a8904890a2adfd4ee81cb8faa20ab9,5357,size_in_bytes,lib/ocaml/str/libstr_stubs.a,45170
2026-02-06T15:02:15Z,7e7d5d8c97a8904890a2adfd4ee81cb8faa20ab9,5357,size_in_bytes,lib/ocaml/camlinternaleval.cmxa,11506
2026-02-06T15:02:15Z,7e7d5d8c97a8904890a2adfd4ee81cb8faa20ab9,5357,size_in_bytes,lib/ocaml/stdlib.cmxa,16647
2026-02-06T15:02:15Z,7e7d5d8c97a8904890a2adfd4ee81cb8faa20ab9,5357,size_in_bytes,lib/ocaml/stdlib_upstream_compatible/stdlib_upstream_compatible.cmxa,1417
2026-02-06T15:02:15Z,7e7d5d8c97a8904890a2adfd4ee81cb8faa20ab9,5357,size_in_bytes,lib/ocaml/unix/unix.cmxa,4535
2026-02-06T15:02:15Z,7e7d5d8c97a8904890a2adfd4ee81cb8faa20ab9,5357,size_in_bytes,lib/ocaml/stdlib_alpha/stdlib_alpha.cmxa,225
2026-02-06T15:02:15Z,7e7d5d8c97a8904890a2adfd4ee81cb8faa20ab9,5357,size_in_bytes,lib/ocaml/ocaml-jit/jit.cmxa,13869
2026-02-06T15:02:15Z,7e7d5d8c97a8904890a2adfd4ee81cb8faa20ab9,5357,size_in_bytes,lib/ocaml/stdlib_beta/stdlib_beta.cmxa,223
2026-02-06T15:02:15Z,7e7d5d8c97a8904890a2adfd4ee81cb8faa20ab9,5357,size_in_bytes,lib/ocaml/stdlib_stable/stdlib_stable.cmxa,3922
2026-02-06T15:02:15Z,7e7d5d8c97a8904890a2adfd4ee81cb8faa20ab9,5357,size_in_bytes,lib/ocaml/dynlink/dynlink.cmxa,26110
2026-02-06T15:02:15Z,7e7d5d8c97a8904890a2adfd4ee81cb8faa20ab9,5357,size_in_bytes,lib/ocaml/threads/threads.cmxa,2268
2026-02-06T15:02:15Z,7e7d5d8c97a8904890a2adfd4ee81cb8faa20ab9,5357,size_in_bytes,lib/ocaml/compiler-libs/ocamlcommon.cmxa,30525
2026-02-06T15:02:15Z,7e7d5d8c97a8904890a2adfd4ee81cb8faa20ab9,5357,size_in_bytes,lib/ocaml/compiler-libs/ocamlopttoplevel.cmxa,15937
2026-02-06T15:02:15Z,7e7d5d8c97a8904890a2adfd4ee81cb8faa20ab9,5357,size_in_bytes,lib/ocaml/compiler-libs/oxcaml_utils.cmxa,1558
2026-02-06T15:02:15Z,7e7d5d8c97a8904890a2adfd4ee81cb8faa20ab9,5357,size_in_bytes,lib/ocaml/compiler-libs/ocamloptcomp.cmxa,199452
2026-02-06T15:02:15Z,7e7d5d8c97a8904890a2adfd4ee81cb8faa20ab9,5357,size_in_bytes,lib/ocaml/compiler-libs/ocamlbytecomp.cmxa,8603
2026-02-06T15:02:15Z,7e7d5d8c97a8904890a2adfd4ee81cb8faa20ab9,5357,size_in_bytes,lib/ocaml/str/str.cmxa,1117
2026-02-06T15:02:15Z,7e7d5d8c97a8904890a2adfd4ee81cb8faa20ab9,5357,size_in_bytes,lib/ocaml/stdlib.cma,9683782
2026-02-06T15:02:15Z,7e7d5d8c97a8904890a2adfd4ee81cb8faa20ab9,5357,size_in_bytes,lib/ocaml/camlinternaleval.cma,57073
2026-02-06T15:02:15Z,7e7d5d8c97a8904890a2adfd4ee81cb8faa20ab9,5357,size_in_bytes,lib/ocaml/stdlib_upstream_compatible/stdlib_upstream_compatible.cma,222913
2026-02-06T15:02:15Z,7e7d5d8c97a8904890a2adfd4ee81cb8faa20ab9,5357,size_in_bytes,lib/ocaml/unix/unix.cma,399130
2026-02-06T15:02:15Z,7e7d5d8c97a8904890a2adfd4ee81cb8faa20ab9,5357,size_in_bytes,lib/ocaml/stdlib_alpha/stdlib_alpha.cma,7263
2026-02-06T15:02:15Z,7e7d5d8c97a8904890a2adfd4ee81cb8faa20ab9,5357,size_in_bytes,lib/ocaml/ocaml-jit/jit.cma,543289
2026-02-06T15:02:15Z,7e7d5d8c97a8904890a2adfd4ee81cb8faa20ab9,5357,size_in_bytes,lib/ocaml/stdlib_beta/stdlib_beta.cma,6450
2026-02-06T15:02:15Z,7e7d5d8c97a8904890a2adfd4ee81cb8faa20ab9,5357,size_in_bytes,lib/ocaml/stdlib_stable/stdlib_stable.cma,1075649
2026-02-06T15:02:15Z,7e7d5d8c97a8904890a2adfd4ee81cb8faa20ab9,5357,size_in_bytes,lib/ocaml/dynlink/dynlink.cma,52574925
2026-02-06T15:02:15Z,7e7d5d8c97a8904890a2adfd4ee81cb8faa20ab9,5357,size_in_bytes,lib/ocaml/threads/threads.cma,178703
2026-02-06T15:02:15Z,7e7d5d8c97a8904890a2adfd4ee81cb8faa20ab9,5357,size_in_bytes,lib/ocaml/compiler-libs/ocamlcommon.cma,73749803
2026-02-06T15:02:15Z,7e7d5d8c97a8904890a2adfd4ee81cb8faa20ab9,5357,size_in_bytes,lib/ocaml/compiler-libs/ocamloptcomp.cma,72170576
2026-02-06T15:02:15Z,7e7d5d8c97a8904890a2adfd4ee81cb8faa20ab9,5357,size_in_bytes,lib/ocaml/compiler-libs/ocamltoplevel.cma,890322
2026-02-06T15:02:15Z,7e7d5d8c97a8904890a2adfd4ee81cb8faa20ab9,5357,size_in_bytes,lib/ocaml/compiler-libs/ocamlbytecomp.cma,1289166
2026-02-06T15:02:15Z,7e7d5d8c97a8904890a2adfd4ee81cb8faa20ab9,5357,size_in_bytes,lib/ocaml/compiler-libs/oxcaml_utils.cma,247458
2026-02-06T15:02:15Z,7e7d5d8c97a8904890a2adfd4ee81cb8faa20ab9,5357,size_in_bytes,lib/ocaml/str/str.cma,252429
2026-02-06T15:02:15Z,7e7d5d8c97a8904890a2adfd4ee81cb8faa20ab9,5357,size_in_bytes,lib/ocaml/compiler_owee__Owee_traverse.cmi,2351
2026-02-06T15:02:15Z,7e7d5d8c97a8904890a2adfd4ee81cb8faa20ab9,5357,size_in_bytes,lib/ocaml/stdlib.cmi,68986
2026-02-06T15:02:15Z,7e7d5d8c97a8904890a2adfd4ee81cb8faa20ab9,5357,size_in_bytes,lib/ocaml/stdlib__Scanf.cmi,9573
2026-02-06T15:02:15Z,7e7d5d8c97a8904890a2adfd4ee81cb8faa20ab9,5357,size_in_bytes,lib/ocaml/stdlib__Hashtbl.cmi,68288
2026-02-06T15:02:15Z,7e7d5d8c97a8904890a2adfd4ee81cb8faa20ab9,5357,size_in_bytes,lib/ocaml/stdlib__Modes.cmi,3303
2026-02-06T15:02:15Z,7e7d5d8c97a8904890a2adfd4ee81cb8faa20ab9,5357,size_in_bytes,lib/ocaml/std_exit.cmi,221
2026-02-06T15:02:15Z,7e7d5d8c97a8904890a2adfd4ee81cb8faa20ab9,5357,size_in_bytes,lib/ocaml/stdlib__Bigarray.cmi,56898
2026-02-06T15:02:15Z,7e7d5d8c97a8904890a2adfd4ee81cb8faa20ab9,5357,size_in_bytes,lib/ocaml/opttopdirs.cmi,3839
2026-02-06T15:02:15Z,7e7d5d8c97a8904890a2adfd4ee81cb8faa20ab9,5357,size_in_bytes,lib/ocaml/stdlib__Out_channel.cmi,9305
2026-02-06T15:02:15Z,7e7d5d8c97a8904890a2adfd4ee81cb8faa20ab9,5357,size_in_bytes,lib/ocaml/stdlib__Stack.cmi,5629
2026-02-06T15:02:15Z,7e7d5d8c97a8904890a2adfd4ee81cb8faa20ab9,5357,size_in_bytes,lib/ocaml/stdlib__Int32.cmi,11297
2026-02-06T15:02:15Z,7e7d5d8c97a8904890a2adfd4ee81cb8faa20ab9,5357,size_in_bytes,lib/ocaml/stdlib__Char.cmi,2701
2026-02-06T15:02:15Z,7e7d5d8c97a8904890a2adfd4ee81cb8faa20ab9,5357,size_in_bytes,lib/ocaml/compiler_owee__Owee_interval_map.cmi,2728
2026-02-06T15:02:15Z,7e7d5d8c97a8904890a2adfd4ee81cb8faa20ab9,5357,size_in_bytes,lib/ocaml/compiler_owee__Owee_marker.cmi,10329
2026-02-06T15:02:15Z,7e7d5d8c97a8904890a2adfd4ee81cb8faa20ab9,5357,size_in_bytes,lib/ocaml/stdlib__Bytes.cmi,35161
2026-02-06T15:02:15Z,7e7d5d8c97a8904890a2adfd4ee81cb8faa20ab9,5357,size_in_bytes,lib/ocaml/compiler_owee.cmi,2377
2026-02-06T15:02:15Z,7e7d5d8c97a8904890a2adfd4ee81cb8faa20ab9,5357,size_in_bytes,lib/ocaml/camlinternalLazy.cmi,1105
2026-02-06T15:02:15Z,7e7d5d8c97a8904890a2adfd4ee81cb8faa20ab9,5357,size_in_bytes,lib/ocaml/camlinternalFormatBasics.cmi,41664
2026-02-06T15:02:15Z,7e7d5d8c97a8904890a2adfd4ee81cb8faa20ab9,5357,size_in_bytes,lib/ocaml/stdlib__Filename.cmi,6344
2026-02-06T15:02:15Z,7e7d5d8c97a8904890a2adfd4ee81cb8faa20ab9,5357,size_in_bytes,lib/ocaml/stdlib__Semaphore.cmi,2558
2026-02-06T15:02:15Z,7e7d5d8c97a8904890a2adfd4ee81cb8faa20ab9,5357,size_in_bytes,lib/ocaml/stdlib__Dynarray.cmi,17363
2026-02-06T15:02:15Z,7e7d5d8c97a8904890a2adfd4ee81cb8faa20ab9,5357,size_in_bytes,lib/ocaml/stdlib__Arg.cmi,10176
2026-02-06T15:02:15Z,7e7d5d8c97a8904890a2adfd4ee81cb8faa20ab9,5357,size_in_bytes,lib/ocaml/compiler_owee__Owee_debug_line.cmi,4406
2026-02-06T15:02:15Z,7e7d5d8c97a8904890a2adfd4ee81cb8faa20ab9,5357,size_in_bytes,lib/ocaml/camlinternalOO.cmi,16449
2026-02-06T15:02:15Z,7e7d5d8c97a8904890a2adfd4ee81cb8faa20ab9,5357,size_in_bytes,lib/ocaml/stdlib__Queue.cmi,6598
2026-02-06T15:02:15Z,7e7d5d8c97a8904890a2adfd4ee81cb8faa20ab9,5357,size_in_bytes,lib/ocaml/stdlib__Unit.cmi,1200
2026-02-06T15:02:15Z,7e7d5d8c97a8904890a2adfd4ee81cb8faa20ab9,5357,size_in_bytes,lib/ocaml/stdlib__Obj.cmi,17066
2026-02-06T15:02:15Z,7e7d5d8c97a8904890a2adfd4ee81cb8faa20ab9,5357,size_in_bytes,lib/ocaml/compiler_owee__Owee_elf_relocation.cmi,10324
2026-02-06T15:02:15Z,7e7d5d8c97a8904890a2adfd4ee81cb8faa20ab9,5357,size_in_bytes,lib/ocaml/compiler_owee__Owee_object.cmi,4258
2026-02-06T15:02:15Z,7e7d5d8c97a8904890a2adfd4ee81cb8faa20ab9,5357,size_in_bytes,lib/ocaml/compiler_owee__Owee_buf.cmi,11806
2026-02-06T15:02:15Z,7e7d5d8c97a8904890a2adfd4ee81cb8faa20ab9,5357,size_in_bytes,lib/ocaml/camlinternaleval.cmi,4126
2026-02-06T15:02:15Z,7e7d5d8c97a8904890a2adfd4ee81cb8faa20ab9,5357,size_in_bytes,lib/ocaml/stdlib__MoreLabels.cmi,175515
2026-02-06T15:02:15Z,7e7d5d8c97a8904890a2adfd4ee81cb8faa20ab9,5357,size_in_bytes,lib/ocaml/stdlib__Nativeint.cmi,11324
2026-02-06T15:02:15Z,7e7d5d8c97a8904890a2adfd4ee81cb8faa20ab9,5357,size_in_bytes,lib/ocaml/stdlib__Int.cmi,7864
2026-02-06T15:02:15Z,7e7d5d8c97a8904890a2adfd4ee81cb8faa20ab9,5357,size_in_bytes,lib/ocaml/stdlib__Fun.cmi,3002
2026-02-06T15:02:15Z,7e7d5d8c97a8904890a2adfd4ee81cb8faa20ab9,5357,size_in_bytes,lib/ocaml/stdlib__Effect.cmi,9097
2026-02-06T15:02:15Z,7e7d5d8c97a8904890a2adfd4ee81cb8faa20ab9,5357,size_in_bytes,lib/ocaml/stdlib__Parsing.cmi,6333
2026-02-06T15:02:15Z,7e7d5d8c97a8904890a2adfd4ee81cb8faa20ab9,5357,size_in_bytes,lib/ocaml/stdlib__Lazy.cmi,2757
2026-02-06T15:02:15Z,7e7d5d8c97a8904890a2adfd4ee81cb8faa20ab9,5357,size_in_bytes,lib/ocaml/stdlib__Callback.cmi,2094
2026-02-06T15:02:15Z,7e7d5d8c97a8904890a2adfd4ee81cb8faa20ab9,5357,size_in_bytes,lib/ocaml/stdlib__List.cmi,31033
2026-02-06T15:02:15Z,7e7d5d8c97a8904890a2adfd4ee81cb8faa20ab9,5357,size_in_bytes,lib/ocaml/stdlib__Buffer.cmi,13221
2026-02-06T15:02:15Z,7e7d5d8c97a8904890a2adfd4ee81cb8faa20ab9,5357,size_in_bytes,lib/ocaml/stdlib__Bool.cmi,2953
2026-02-06T15:02:15Z,7e7d5d8c97a8904890a2adfd4ee81cb8faa20ab9,5357,size_in_bytes,lib/ocaml/stdlib__Sys.cmi,19412
2026-02-06T15:02:15Z,7e7d5d8c97a8904890a2adfd4ee81cb8faa20ab9,5357,size_in_bytes,lib/ocaml/stdlib__StringLabels.cmi,23402
2026-02-06T15:02:15Z,7e7d5d8c97a8904890a2adfd4ee81cb8faa20ab9,5357,size_in_bytes,lib/ocaml/stdlib__Ephemeron.cmi,111456
2026-02-06T15:02:15Z,7e7d5d8c97a8904890a2adfd4ee81cb8faa20ab9,5357,size_in_bytes,lib/ocaml/stdlib__Format.cmi,61629
2026-02-06T15:02:15Z,7e7d5d8c97a8904890a2adfd4ee81cb8faa20ab9,5357,size_in_bytes,lib/ocaml/stdlib__In_channel.cmi,9823
2026-02-06T15:02:15Z,7e7d5d8c97a8904890a2adfd4ee81cb8faa20ab9,5357,size_in_bytes,lib/ocaml/stdlib__Mutex.cmi,1555
2026-02-06T15:02:15Z,7e7d5d8c97a8904890a2adfd4ee81cb8faa20ab9,5357,size_in_bytes,lib/ocaml/stdlib__Array.cmi,24449
2026-02-06T15:02:15Z,7e7d5d8c97a8904890a2adfd4ee81cb8faa20ab9,5357,size_in_bytes,lib/ocaml/stdlib__Complex.cmi,4245
2026-02-06T15:02:15Z,7e7d5d8c97a8904890a2adfd4ee81cb8faa20ab9,5357,size_in_bytes,lib/ocaml/compiler_owee__Owee_linux_maps.cmi,3046
2026-02-06T15:02:15Z,7e7d5d8c97a8904890a2adfd4ee81cb8faa20ab9,5357,size_in_bytes,lib/ocaml/compiler_owee__Owee_graph.cmi,42870
2026-02-06T15:02:15Z,7e7d5d8c97a8904890a2adfd4ee81cb8faa20ab9,5357,size_in_bytes,lib/ocaml/stdlib__Atomic.cmi,11530
2026-02-06T15:02:15Z,7e7d5d8c97a8904890a2adfd4ee81cb8faa20ab9,5357,size_in_bytes,lib/ocaml/stdlib__Lexing.cmi,10456
2026-02-06T15:02:15Z,7e7d5d8c97a8904890a2adfd4ee81cb8faa20ab9,5357,size_in_bytes,lib/ocaml/stdlib__Either.cmi,7539
2026-02-06T15:02:15Z,7e7d5d8c97a8904890a2adfd4ee81cb8faa20ab9,5357,size_in_bytes,lib/ocaml/stdlib__Option.cmi,6530
2026-02-06T15:02:15Z,7e7d5d8c97a8904890a2adfd4ee81cb8faa20ab9,5357,size_in_bytes,lib/ocaml/topdirs.cmi,4102
2026-02-06T15:02:15Z,7e7d5d8c97a8904890a2adfd4ee81cb8faa20ab9,5357,size_in_bytes,lib/ocaml/stdlib__Result.cmi,8883
2026-02-06T15:02:15Z,7e7d5d8c97a8904890a2adfd4ee81cb8faa20ab9,5357,size_in_bytes,lib/ocaml/stdlib__Uchar.cmi,5360
2026-02-06T15:02:15Z,7e7d5d8c97a8904890a2adfd4ee81cb8faa20ab9,5357,size_in_bytes,lib/ocaml/stdlib__ListLabels.cmi,31193
2026-02-06T15:02:15Z,7e7d5d8c97a8904890a2adfd4ee81cb8faa20ab9,5357,size_in_bytes,lib/ocaml/compiler_owee__Owee_elf_string_table.cmi,1379
2026-02-06T15:02:15Z,7e7d5d8c97a8904890a2adfd4ee81cb8faa20ab9,5357,size_in_bytes,lib/ocaml/stdlib__ArrayLabels.cmi,24628
2026-02-06T15:02:15Z,7e7d5d8c97a8904890a2adfd4ee81cb8faa20ab9,5357,size_in_bytes,lib/ocaml/stdlib__Float.cmi,63129
2026-02-06T15:02:15Z,7e7d5d8c97a8904890a2adfd4ee81cb8faa20ab9,5357,size_in_bytes,lib/ocaml/compiler_owee__Owee_elf_notes.cmi,4673
2026-02-06T15:02:15Z,7e7d5d8c97a8904890a2adfd4ee81cb8faa20ab9,5357,size_in_bytes,lib/ocaml/stdlib__Seq.cmi,27164
2026-02-06T15:02:15Z,7e7d5d8c97a8904890a2adfd4ee81cb8faa20ab9,5357,size_in_bytes,lib/ocaml/compiler_owee__Owee_location.cmi,2549
2026-02-06T15:02:15Z,7e7d5d8c97a8904890a2adfd4ee81cb8faa20ab9,5357,size_in_bytes,lib/ocaml/compiler_owee__Unix_intf.cmi,3930
2026-02-06T15:02:15Z,7e7d5d8c97a8904890a2adfd4ee81cb8faa20ab9,5357,size_in_bytes,lib/ocaml/compiler_owee__Owee_form.cmi,2075
2026-02-06T15:02:15Z,7e7d5d8c97a8904890a2adfd4ee81cb8faa20ab9,5357,size_in_bytes,lib/ocaml/compiler_owee__Owee_macho.cmi,23749
2026-02-06T15:02:15Z,7e7d5d8c97a8904890a2adfd4ee81cb8faa20ab9,5357,size_in_bytes,lib/ocaml/stdlib__StdLabels.cmi,550
2026-02-06T15:02:15Z,7e7d5d8c97a8904890a2adfd4ee81cb8faa20ab9,5357,size_in_bytes,lib/ocaml/stdlib__Set.cmi,42261
2026-02-06T15:02:15Z,7e7d5d8c97a8904890a2adfd4ee81cb8faa20ab9,5357,size_in_bytes,lib/ocaml/stdlib__Type.cmi,1791
2026-02-06T15:02:15Z,7e7d5d8c97a8904890a2adfd4ee81cb8faa20ab9,5357,size_in_bytes,lib/ocaml/camlinternalQuote.cmi,69577
2026-02-06T15:02:15Z,7e7d5d8c97a8904890a2adfd4ee81cb8faa20ab9,5357,size_in_bytes,lib/ocaml/stdlib__Int64.cmi,12473
2026-02-06T15:02:15Z,7e7d5d8c97a8904890a2adfd4ee81cb8faa20ab9,5357,size_in_bytes,lib/ocaml/stdlib__Digest.cmi,22231
2026-02-06T15:02:15Z,7e7d5d8c97a8904890a2adfd4ee81cb8faa20ab9,5357,size_in_bytes,lib/ocaml/camlinternalAtomic.cmi,2789
2026-02-06T15:02:15Z,7e7d5d8c97a8904890a2adfd4ee81cb8faa20ab9,5357,size_in_bytes,lib/ocaml/stdlib__Quote.cmi,3038
2026-02-06T15:02:15Z,7e7d5d8c97a8904890a2adfd4ee81cb8faa20ab9,5357,size_in_bytes,lib/ocaml/stdlib__Backoff.cmi,1672
2026-02-06T15:02:15Z,7e7d5d8c97a8904890a2adfd4ee81cb8faa20ab9,5357,size_in_bytes,lib/ocaml/stdlib__Random.cmi,11363
2026-02-06T15:02:15Z,7e7d5d8c97a8904890a2adfd4ee81cb8faa20ab9,5357,size_in_bytes,lib/ocaml/stdlib__Printexc.cmi,12265
2026-02-06T15:02:15Z,7e7d5d8c97a8904890a2adfd4ee81cb8faa20ab9,5357,size_in_bytes,lib/ocaml/compiler_owee__Owee_archive.cmi,2667
2026-02-06T15:02:15Z,7e7d5d8c97a8904890a2adfd4ee81cb8faa20ab9,5357,size_in_bytes,lib/ocaml/stdlib__Domain.cmi,12979
2026-02-06T15:02:15Z,7e7d5d8c97a8904890a2adfd4ee81cb8faa20ab9,5357,size_in_bytes,lib/ocaml/stdlib__Condition.cmi,1315
2026-02-06T15:02:15Z,7e7d5d8c97a8904890a2adfd4ee81cb8faa20ab9,5357,size_in_bytes,lib/ocaml/stdlib__Printf.cmi,6443
2026-02-06T15:02:15Z,7e7d5d8c97a8904890a2adfd4ee81cb8faa20ab9,5357,size_in_bytes,lib/ocaml/stdlib__BytesLabels.cmi,35378
2026-02-06T15:02:15Z,7e7d5d8c97a8904890a2adfd4ee81cb8faa20ab9,5357,size_in_bytes,lib/ocaml/stdlib__Weak.cmi,12489
2026-02-06T15:02:15Z,7e7d5d8c97a8904890a2adfd4ee81cb8faa20ab9,5357,size_in_bytes,lib/ocaml/stdlib__Gc.cmi,16844
2026-02-06T15:02:15Z,7e7d5d8c97a8904890a2adfd4ee81cb8faa20ab9,5357,size_in_bytes,lib/ocaml/camlinternalMod.cmi,1557
2026-02-06T15:02:15Z,7e7d5d8c97a8904890a2adfd4ee81cb8faa20ab9,5357,size_in_bytes,lib/ocaml/stdlib__String.cmi,23277
2026-02-06T15:02:15Z,7e7d5d8c97a8904890a2adfd4ee81cb8faa20ab9,5357,size_in_bytes,lib/ocaml/stdlib__Marshal.cmi,4249
2026-02-06T15:02:15Z,7e7d5d8c97a8904890a2adfd4ee81cb8faa20ab9,5357,size_in_bytes,lib/ocaml/gc_timings.cmi,876
2026-02-06T15:02:15Z,7e7d5d8c97a8904890a2adfd4ee81cb8faa20ab9,5357,size_in_bytes,lib/ocaml/camlinternalFormat.cmi,14592
2026-02-06T15:02:15Z,7e7d5d8c97a8904890a2adfd4ee81cb8faa20ab9,5357,size_in_bytes,lib/ocaml/compiler_owee__Owee_elf.cmi,22273
2026-02-06T15:02:15Z,7e7d5d8c97a8904890a2adfd4ee81cb8faa20ab9,5357,size_in_bytes,lib/ocaml/stdlib__Map.cmi,59696
2026-02-06T15:02:15Z,7e7d5d8c97a8904890a2adfd4ee81cb8faa20ab9,5357,size_in_bytes,lib/ocaml/stdlib__Oo.cmi,1541
2026-02-06T15:02:15Z,7e7d5d8c97a8904890a2adfd4ee81cb8faa20ab9,5357,size_in_bytes,lib/ocaml/camlinternalComprehension.cmi,2815
2026-02-06T15:02:15Z,7e7d5d8c97a8904890a2adfd4ee81cb8faa20ab9,5357,size_in_bytes,lib/ocaml/stdlib_upstream_compatible/stdlib_upstream_compatible__Int64_u.cmi,11135
2026-02-06T15:02:15Z,7e7d5d8c97a8904890a2adfd4ee81cb8faa20ab9,5357,size_in_bytes,lib/ocaml/stdlib_upstream_compatible/stdlib_upstream_compatible__Nativeint_u.cmi,9956
2026-02-06T15:02:15Z,7e7d5d8c97a8904890a2adfd4ee81cb8faa20ab9,5357,size_in_bytes,lib/ocaml/stdlib_upstream_compatible/stdlib_upstream_compatible__Int32_u.cmi,9375
2026-02-06T15:02:15Z,7e7d5d8c97a8904890a2adfd4ee81cb8faa20ab9,5357,size_in_bytes,lib/ocaml/stdlib_upstream_compatible/stdlib_upstream_compatible__Float_u.cmi,15286
2026-02-06T15:02:15Z,7e7d5d8c97a8904890a2adfd4ee81cb8faa20ab9,5357,size_in_bytes,lib/ocaml/stdlib_upstream_compatible/stdlib_upstream_compatible__.cmi,1086
2026-02-06T15:02:15Z,7e7d5d8c97a8904890a2adfd4ee81cb8faa20ab9,5357,size_in_bytes,lib/ocaml/stdlib_upstream_compatible/stdlib_upstream_compatible.cmi,789
2026-02-06T15:02:15Z,7e7d5d8c97a8904890a2adfd4ee81cb8faa20ab9,5357,size_in_bytes,lib/ocaml/unix/unix.cmi,89427
2026-02-06T15:02:15Z,7e7d5d8c97a8904890a2adfd4ee81cb8faa20ab9,5357,size_in_bytes,lib/ocaml/unix/unixLabels.cmi,91800
2026-02-06T15:02:15Z,7e7d5d8c97a8904890a2adfd4ee81cb8faa20ab9,5357,size_in_bytes,lib/ocaml/stdlib_alpha/stdlib_alpha.cmi,229
2026-02-06T15:02:15Z,7e7d5d8c97a8904890a2adfd4ee81cb8faa20ab9,5357,size_in_bytes,lib/ocaml/ocaml-jit/jit.cmi,4944
2026-02-06T15:02:15Z,7e7d5d8c97a8904890a2adfd4ee81cb8faa20ab9,5357,size_in_bytes,lib/ocaml/stdlib_beta/stdlib_beta.cmi,227
2026-02-06T15:02:15Z,7e7d5d8c97a8904890a2adfd4ee81cb8faa20ab9,5357,size_in_bytes,lib/ocaml/stdlib_stable/stdlib_stable__Int_u.cmi,10743
2026-02-06T15:02:15Z,7e7d5d8c97a8904890a2adfd4ee81cb8faa20ab9,5357,size_in_bytes,lib/ocaml/stdlib_stable/stdlib_stable__Iarray.cmi,43265
2026-02-06T15:02:15Z,7e7d5d8c97a8904890a2adfd4ee81cb8faa20ab9,5357,size_in_bytes,lib/ocaml/stdlib_stable/stdlib_stable__Or_null.cmi,6717
2026-02-06T15:02:15Z,7e7d5d8c97a8904890a2adfd4ee81cb8faa20ab9,5357,size_in_bytes,lib/ocaml/stdlib_stable/stdlib_stable__Int16.cmi,10288
2026-02-06T15:02:15Z,7e7d5d8c97a8904890a2adfd4ee81cb8faa20ab9,5357,size_in_bytes,lib/ocaml/stdlib_stable/stdlib_stable.cmi,1209
2026-02-06T15:02:15Z,7e7d5d8c97a8904890a2adfd4ee81cb8faa20ab9,5357,size_in_bytes,lib/ocaml/stdlib_stable/stdlib_stable__Char_u.cmi,3434
2026-02-06T15:02:15Z,7e7d5d8c97a8904890a2adfd4ee81cb8faa20ab9,5357,size_in_bytes,lib/ocaml/stdlib_stable/stdlib_stable__Int16_u.cmi,11371
2026-02-06T15:02:15Z,7e7d5d8c97a8904890a2adfd4ee81cb8faa20ab9,5357,size_in_bytes,lib/ocaml/stdlib_stable/stdlib_stable__Idx_mut.cmi,1611
2026-02-06T15:02:15Z,7e7d5d8c97a8904890a2adfd4ee81cb8faa20ab9,5357,size_in_bytes,lib/ocaml/stdlib_stable/stdlib_stable__Idx_imm.cmi,1055
2026-02-06T15:02:15Z,7e7d5d8c97a8904890a2adfd4ee81cb8faa20ab9,5357,size_in_bytes,lib/ocaml/stdlib_stable/stdlib_stable__Int8_u.cmi,11299
2026-02-06T15:02:15Z,7e7d5d8c97a8904890a2adfd4ee81cb8faa20ab9,5357,size_in_bytes,lib/ocaml/stdlib_stable/stdlib_stable__Float32_u.cmi,32411
2026-02-06T15:02:15Z,7e7d5d8c97a8904890a2adfd4ee81cb8faa20ab9,5357,size_in_bytes,lib/ocaml/stdlib_stable/stdlib_stable__.cmi,1975
2026-02-06T15:02:15Z,7e7d5d8c97a8904890a2adfd4ee81cb8faa20ab9,5357,size_in_bytes,lib/ocaml/stdlib_stable/stdlib_stable__Int8.cmi,10224
2026-02-06T15:02:15Z,7e7d5d8c97a8904890a2adfd4ee81cb8faa20ab9,5357,size_in_bytes,lib/ocaml/stdlib_stable/stdlib_stable__Int.cmi,10142
2026-02-06T15:02:15Z,7e7d5d8c97a8904890a2adfd4ee81cb8faa20ab9,5357,size_in_bytes,lib/ocaml/stdlib_stable/stdlib_stable__Float32.cmi,45296
2026-02-06T15:02:15Z,7e7d5d8c97a8904890a2adfd4ee81cb8faa20ab9,5357,size_in_bytes,lib/ocaml/stdlib_stable/stdlib_stable__IarrayLabels.cmi,43447
2026-02-06T15:02:15Z,7e7d5d8c97a8904890a2adfd4ee81cb8faa20ab9,5357,size_in_bytes,lib/ocaml/dynlink/dynlink.cmi,5458
2026-02-06T15:02:15Z,7e7d5d8c97a8904890a2adfd4ee81cb8faa20ab9,5357,size_in_bytes,lib/ocaml/threads/multicore.cmi,2163
2026-02-06T15:02:15Z,7e7d5d8c97a8904890a2adfd4ee81cb8faa20ab9,5357,size_in_bytes,lib/ocaml/threads/thread.cmi,8151
2026-02-06T15:02:15Z,7e7d5d8c97a8904890a2adfd4ee81cb8faa20ab9,5357,size_in_bytes,lib/ocaml/threads/event.cmi,3958
2026-02-06T15:02:15Z,7e7d5d8c97a8904890a2adfd4ee81cb8faa20ab9,5357,size_in_bytes,lib/ocaml/compiler-libs/flambda2_identifiers__Flambda_debug_uid.cmi,55706
2026-02-06T15:02:15Z,7e7d5d8c97a8904890a2adfd4ee81cb8faa20ab9,5357,size_in_bytes,lib/ocaml/compiler-libs/flambda2_simplify__Build_unboxing_denv.cmi,9902
2026-02-06T15:02:15Z,7e7d5d8c97a8904890a2adfd4ee81cb8faa20ab9,5357,size_in_bytes,lib/ocaml/compiler-libs/maindriver.cmi,802
2026-02-06T15:02:15Z,7e7d5d8c97a8904890a2adfd4ee81cb8faa20ab9,5357,size_in_bytes,lib/ocaml/compiler-libs/ast_helper.cmi,133516
2026-02-06T15:02:15Z,7e7d5d8c97a8904890a2adfd4ee81cb8faa20ab9,5357,size_in_bytes,lib/ocaml/compiler-libs/flambda2_terms__Code_metadata.cmi,41362
2026-02-06T15:02:15Z,7e7d5d8c97a8904890a2adfd4ee81cb8faa20ab9,5357,size_in_bytes,lib/ocaml/compiler-libs/dwarf_abstract_instances.cmi,5868
2026-02-06T15:02:15Z,7e7d5d8c97a8904890a2adfd4ee81cb8faa20ab9,5357,size_in_bytes,lib/ocaml/compiler-libs/cfg_selectgen.cmi,10803
2026-02-06T15:02:15Z,7e7d5d8c97a8904890a2adfd4ee81cb8faa20ab9,5357,size_in_bytes,lib/ocaml/compiler-libs/flambda2_terms__Call_kind.cmi,17094
2026-02-06T15:02:15Z,7e7d5d8c97a8904890a2adfd4ee81cb8faa20ab9,5357,size_in_bytes,lib/ocaml/compiler-libs/flambda2_terms__Code.cmi,19208
2026-02-06T15:02:15Z,7e7d5d8c97a8904890a2adfd4ee81cb8faa20ab9,5357,size_in_bytes,lib/ocaml/compiler-libs/regalloc_ls_utils.cmi,23092
2026-02-06T15:02:15Z,7e7d5d8c97a8904890a2adfd4ee81cb8faa20ab9,5357,size_in_bytes,lib/ocaml/compiler-libs/dwarf_low__Range_list.cmi,2847
2026-02-06T15:02:15Z,7e7d5d8c97a8904890a2adfd4ee81cb8faa20ab9,5357,size_in_bytes,lib/ocaml/compiler-libs/flambda2_parser__Flambda_to_fexpr_commons.cmi,70443
2026-02-06T15:02:15Z,7e7d5d8c97a8904890a2adfd4ee81cb8faa20ab9,5357,size_in_bytes,lib/ocaml/compiler-libs/dwarf_low__Dwarf_emittable.cmi,2772
2026-02-06T15:02:15Z,7e7d5d8c97a8904890a2adfd4ee81cb8faa20ab9,5357,size_in_bytes,lib/ocaml/compiler-libs/reg_availability_set.cmi,12574
2026-02-06T15:02:15Z,7e7d5d8c97a8904890a2adfd4ee81cb8faa20ab9,5357,size_in_bytes,lib/ocaml/compiler-libs/flambda2_simplify__Downwards_acc.cmi,32694
2026-02-06T15:02:15Z,7e7d5d8c97a8904890a2adfd4ee81cb8faa20ab9,5357,size_in_bytes,lib/ocaml/compiler-libs/debug_event.cmi,7257
2026-02-06T15:02:15Z,7e7d5d8c97a8904890a2adfd4ee81cb8faa20ab9,5357,size_in_bytes,lib/ocaml/compiler-libs/flambda2_terms__Expr_std.cmi,8136
2026-02-06T15:02:15Z,7e7d5d8c97a8904890a2adfd4ee81cb8faa20ab9,5357,size_in_bytes,lib/ocaml/compiler-libs/asttypes.cmi,4518
2026-02-06T15:02:15Z,7e7d5d8c97a8904890a2adfd4ee81cb8faa20ab9,5357,size_in_bytes,lib/ocaml/compiler-libs/llvm_ir.cmi,121100
2026-02-06T15:02:15Z,7e7d5d8c97a8904890a2adfd4ee81cb8faa20ab9,5357,size_in_bytes,lib/ocaml/compiler-libs/flambda2_from_lambda.cmi,1497
2026-02-06T15:02:15Z,7e7d5d8c97a8904890a2adfd4ee81cb8faa20ab9,5357,size_in_bytes,lib/ocaml/compiler-libs/flambda2_simplify__Simplify_let_expr.cmi,11457
2026-02-06T15:02:15Z,7e7d5d8c97a8904890a2adfd4ee81cb8faa20ab9,5357,size_in_bytes,lib/ocaml/compiler-libs/flambda2_floats.cmi,346
2026-02-06T15:02:15Z,7e7d5d8c97a8904890a2adfd4ee81cb8faa20ab9,5357,size_in_bytes,lib/ocaml/compiler-libs/flambda2_datalog__Table.cmi,11225
2026-02-06T15:02:15Z,7e7d5d8c97a8904890a2adfd4ee81cb8faa20ab9,5357,size_in_bytes,lib/ocaml/compiler-libs/extract_relocations.cmi,2706
2026-02-06T15:02:15Z,7e7d5d8c97a8904890a2adfd4ee81cb8faa20ab9,5357,size_in_bytes,lib/ocaml/compiler-libs/flambda2_nominal__Name_mode.cmi,106959
2026-02-06T15:02:15Z,7e7d5d8c97a8904890a2adfd4ee81cb8faa20ab9,5357,size_in_bytes,lib/ocaml/compiler-libs/flambda2_simplify__Non_recursive_handler.cmi,11385
2026-02-06T15:02:15Z,7e7d5d8c97a8904890a2adfd4ee81cb8faa20ab9,5357,size_in_bytes,lib/ocaml/compiler-libs/flambda2_terms__Function_declarations.cmi,10791
2026-02-06T15:02:15Z,7e7d5d8c97a8904890a2adfd4ee81cb8faa20ab9,5357,size_in_bytes,lib/ocaml/compiler-libs/mtype.cmi,11919
2026-02-06T15:02:15Z,7e7d5d8c97a8904890a2adfd4ee81cb8faa20ab9,5357,size_in_bytes,lib/ocaml/compiler-libs/target_system.cmi,6640
2026-02-06T15:02:15Z,7e7d5d8c97a8904890a2adfd4ee81cb8faa20ab9,5357,size_in_bytes,lib/ocaml/compiler-libs/cfg_selection.cmi,22385
2026-02-06T15:02:15Z,7e7d5d8c97a8904890a2adfd4ee81cb8faa20ab9,5357,size_in_bytes,lib/ocaml/compiler-libs/cmm_invariants.cmi,9131
2026-02-06T15:02:15Z,7e7d5d8c97a8904890a2adfd4ee81cb8faa20ab9,5357,size_in_bytes,lib/ocaml/compiler-libs/flambda2_ui__Flambda_features.cmi,18379
2026-02-06T15:02:15Z,7e7d5d8c97a8904890a2adfd4ee81cb8faa20ab9,5357,size_in_bytes,lib/ocaml/compiler-libs/dwarf_state.cmi,11565
2026-02-06T15:02:15Z,7e7d5d8c97a8904890a2adfd4ee81cb8faa20ab9,5357,size_in_bytes,lib/ocaml/compiler-libs/oprint.cmi,4586
2026-02-06T15:02:15Z,7e7d5d8c97a8904890a2adfd4ee81cb8faa20ab9,5357,size_in_bytes,lib/ocaml/compiler-libs/dwarf_low__Dwarf_tag.cmi,6610
2026-02-06T15:02:15Z,7e7d5d8c97a8904890a2adfd4ee81cb8faa20ab9,5357,size_in_bytes,lib/ocaml/compiler-libs/persistent_env.cmi,27474
2026-02-06T15:02:15Z,7e7d5d8c97a8904890a2adfd4ee81cb8faa20ab9,5357,size_in_bytes,lib/ocaml/compiler-libs/x86_dsl.cmi,24343
2026-02-06T15:02:15Z,7e7d5d8c97a8904890a2adfd4ee81cb8faa20ab9,5357,size_in_bytes,lib/ocaml/compiler-libs/typedecl_separability.cmi,3959
2026-02-06T15:02:15Z,7e7d5d8c97a8904890a2adfd4ee81cb8faa20ab9,5357,size_in_bytes,lib/ocaml/compiler-libs/operation.cmi,24164
2026-02-06T15:02:15Z,7e7d5d8c97a8904890a2adfd4ee81cb8faa20ab9,5357,size_in_bytes,lib/ocaml/compiler-libs/main_args.cmi,225504
2026-02-06T15:02:15Z,7e7d5d8c97a8904890a2adfd4ee81cb8faa20ab9,5357,size_in_bytes,lib/ocaml/compiler-libs/lambda.cmi,119104
2026-02-06T15:02:15Z,7e7d5d8c97a8904890a2adfd4ee81cb8faa20ab9,5357,size_in_bytes,lib/ocaml/compiler-libs/ast_mapper.cmi,23963
2026-02-06T15:02:15Z,7e7d5d8c97a8904890a2adfd4ee81cb8faa20ab9,5357,size_in_bytes,lib/ocaml/compiler-libs/stypes.cmi,4416
2026-02-06T15:02:15Z,7e7d5d8c97a8904890a2adfd4ee81cb8faa20ab9,5357,size_in_bytes,lib/ocaml/compiler-libs/camlinternalMenhirLib.cmi,143072
2026-02-06T15:02:15Z,7e7d5d8c97a8904890a2adfd4ee81cb8faa20ab9,5357,size_in_bytes,lib/ocaml/compiler-libs/flambda2_nominal__Ids_for_export.cmi,10250
2026-02-06T15:02:15Z,7e7d5d8c97a8904890a2adfd4ee81cb8faa20ab9,5357,size_in_bytes,lib/ocaml/compiler-libs/cmx_format.cmi,17692
2026-02-06T15:02:15Z,7e7d5d8c97a8904890a2adfd4ee81cb8faa20ab9,5357,size_in_bytes,lib/ocaml/compiler-libs/flambda2_cmx.cmi,598
2026-02-06T15:02:15Z,7e7d5d8c97a8904890a2adfd4ee81cb8faa20ab9,5357,size_in_bytes,lib/ocaml/compiler-libs/flambda2_simplify__Call_site_inlining_decision.cmi,12326
2026-02-06T15:02:15Z,7e7d5d8c97a8904890a2adfd4ee81cb8faa20ab9,5357,size_in_bytes,lib/ocaml/compiler-libs/flambda2_terms__Apply_cont_expr.cmi,62188
2026-02-06T15:02:15Z,7e7d5d8c97a8904890a2adfd4ee81cb8faa20ab9,5357,size_in_bytes,lib/ocaml/compiler-libs/typedecl_variance.cmi,8573
2026-02-06T15:02:15Z,7e7d5d8c97a8904890a2adfd4ee81cb8faa20ab9,5357,size_in_bytes,lib/ocaml/compiler-libs/flambda2_bound_identifiers__Bound_continuations.cmi,7147
2026-02-06T15:02:15Z,7e7d5d8c97a8904890a2adfd4ee81cb8faa20ab9,5357,size_in_bytes,lib/ocaml/compiler-libs/flambda2_simplify__Join_points.cmi,11791
2026-02-06T15:02:15Z,7e7d5d8c97a8904890a2adfd4ee81cb8faa20ab9,5357,size_in_bytes,lib/ocaml/compiler-libs/flambda2_types.cmi,215817
2026-02-06T15:02:15Z,7e7d5d8c97a8904890a2adfd4ee81cb8faa20ab9,5357,size_in_bytes,lib/ocaml/compiler-libs/flambda2_simplify__Data_flow_graph.cmi,8746
2026-02-06T15:02:15Z,7e7d5d8c97a8904890a2adfd4ee81cb8faa20ab9,5357,size_in_bytes,lib/ocaml/compiler-libs/flambda2_terms__Flambda.cmi,112094
2026-02-06T15:02:15Z,7e7d5d8c97a8904890a2adfd4ee81cb8faa20ab9,5357,size_in_bytes,lib/ocaml/compiler-libs/flambda2_datalog.cmi,158417
2026-02-06T15:02:15Z,7e7d5d8c97a8904890a2adfd4ee81cb8faa20ab9,5357,size_in_bytes,lib/ocaml/compiler-libs/flambda2_nominal__Bindable.cmi,6910
2026-02-06T15:02:15Z,7e7d5d8c97a8904890a2adfd4ee81cb8faa20ab9,5357,size_in_bytes,lib/ocaml/compiler-libs/flambda2_algorithms.cmi,1209
2026-02-06T15:02:15Z,7e7d5d8c97a8904890a2adfd4ee81cb8faa20ab9,5357,size_in_bytes,lib/ocaml/compiler-libs/compilation_unit.cmi,168481
2026-02-06T15:02:15Z,7e7d5d8c97a8904890a2adfd4ee81cb8faa20ab9,5357,size_in_bytes,lib/ocaml/compiler-libs/dwarf_high__Assign_abbrevs.cmi,3236
2026-02-06T15:02:15Z,7e7d5d8c97a8904890a2adfd4ee81cb8faa20ab9,5357,size_in_bytes,lib/ocaml/compiler-libs/flambda2_terms__Mutability.cmi,7938
2026-02-06T15:02:15Z,7e7d5d8c97a8904890a2adfd4ee81cb8faa20ab9,5357,size_in_bytes,lib/ocaml/compiler-libs/regalloc_rewrite.cmi,14427
2026-02-06T15:02:15Z,7e7d5d8c97a8904890a2adfd4ee81cb8faa20ab9,5357,size_in_bytes,lib/ocaml/compiler-libs/partial_link.cmi,1927
2026-02-06T15:02:15Z,7e7d5d8c97a8904890a2adfd4ee81cb8faa20ab9,5357,size_in_bytes,lib/ocaml/compiler-libs/debug.cmi,757
2026-02-06T15:02:15Z,7e7d5d8c97a8904890a2adfd4ee81cb8faa20ab9,5357,size_in_bytes,lib/ocaml/compiler-libs/eh_frame_registration.cmi,644
2026-02-06T15:02:15Z,7e7d5d8c97a8904890a2adfd4ee81cb8faa20ab9,5357,size_in_bytes,lib/ocaml/compiler-libs/proc.cmi,18104
2026-02-06T15:02:15Z,7e7d5d8c97a8904890a2adfd4ee81cb8faa20ab9,5357,size_in_bytes,lib/ocaml/compiler-libs/linkage_name.cmi,51888
2026-02-06T15:02:15Z,7e7d5d8c97a8904890a2adfd4ee81cb8faa20ab9,5357,size_in_bytes,lib/ocaml/compiler-libs/linear_utils.cmi,10734
2026-02-06T15:02:15Z,7e7d5d8c97a8904890a2adfd4ee81cb8faa20ab9,5357,size_in_bytes,lib/ocaml/compiler-libs/regalloc_split_utils.cmi,14035
2026-02-06T15:02:15Z,7e7d5d8c97a8904890a2adfd4ee81cb8faa20ab9,5357,size_in_bytes,lib/ocaml/compiler-libs/longident.cmi,1784
2026-02-06T15:02:15Z,7e7d5d8c97a8904890a2adfd4ee81cb8faa20ab9,5357,size_in_bytes,lib/ocaml/compiler-libs/x86_gas.cmi,1592
2026-02-06T15:02:15Z,7e7d5d8c97a8904890a2adfd4ee81cb8faa20ab9,5357,size_in_bytes,lib/ocaml/compiler-libs/compenv.cmi,11865
2026-02-06T15:02:15Z,7e7d5d8c97a8904890a2adfd4ee81cb8faa20ab9,5357,size_in_bytes,lib/ocaml/compiler-libs/flambda2_simplify__Simplify.cmi,10600
2026-02-06T15:02:15Z,7e7d5d8c97a8904890a2adfd4ee81cb8faa20ab9,5357,size_in_bytes,lib/ocaml/compiler-libs/flambda2_identifiers__Rec_info_expr0.cmi,12649
2026-02-06T15:02:15Z,7e7d5d8c97a8904890a2adfd4ee81cb8faa20ab9,5357,size_in_bytes,lib/ocaml/compiler-libs/section_table.cmi,4493
2026-02-06T15:02:15Z,7e7d5d8c97a8904890a2adfd4ee81cb8faa20ab9,5357,size_in_bytes,lib/ocaml/compiler-libs/flambda2_simplify_shared.cmi,1282
2026-02-06T15:02:15Z,7e7d5d8c97a8904890a2adfd4ee81cb8faa20ab9,5357,size_in_bytes,lib/ocaml/compiler-libs/flambda2_types__Expand_head.cmi,21847
2026-02-06T15:02:15Z,7e7d5d8c97a8904890a2adfd4ee81cb8faa20ab9,5357,size_in_bytes,lib/ocaml/compiler-libs/flambda2_kinds.cmi,576
2026-02-06T15:02:15Z,7e7d5d8c97a8904890a2adfd4ee81cb8faa20ab9,5357,size_in_bytes,lib/ocaml/compiler-libs/symtable.cmi,79071
2026-02-06T15:02:15Z,7e7d5d8c97a8904890a2adfd4ee81cb8faa20ab9,5357,size_in_bytes,lib/ocaml/compiler-libs/printslambda0.cmi,1164
2026-02-06T15:02:15Z,7e7d5d8c97a8904890a2adfd4ee81cb8faa20ab9,5357,size_in_bytes,lib/ocaml/compiler-libs/flambda2_reaper__Rev_expr.cmi,17546
2026-02-06T15:02:15Z,7e7d5d8c97a8904890a2adfd4ee81cb8faa20ab9,5357,size_in_bytes,lib/ocaml/compiler-libs/flambda2_to_jsir__To_jsir_shared.cmi,13614
2026-02-06T15:02:15Z,7e7d5d8c97a8904890a2adfd4ee81cb8faa20ab9,5357,size_in_bytes,lib/ocaml/compiler-libs/tmc.cmi,2733
2026-02-06T15:02:15Z,7e7d5d8c97a8904890a2adfd4ee81cb8faa20ab9,5357,size_in_bytes,lib/ocaml/compiler-libs/oxcaml_args.cmi,185828
2026-02-06T15:02:15Z,7e7d5d8c97a8904890a2adfd4ee81cb8faa20ab9,5357,size_in_bytes,lib/ocaml/compiler-libs/cmxs_format.cmi,2398
2026-02-06T15:02:15Z,7e7d5d8c97a8904890a2adfd4ee81cb8faa20ab9,5357,size_in_bytes,lib/ocaml/compiler-libs/emitaux.cmi,22266
2026-02-06T15:02:15Z,7e7d5d8c97a8904890a2adfd4ee81cb8faa20ab9,5357,size_in_bytes,lib/ocaml/compiler-libs/opttopdirs.cmi,3839
2026-02-06T15:02:15Z,7e7d5d8c97a8904890a2adfd4ee81cb8faa20ab9,5357,size_in_bytes,lib/ocaml/compiler-libs/flambda2_algorithms__Table_by_int_id.cmi,4102
2026-02-06T15:02:15Z,7e7d5d8c97a8904890a2adfd4ee81cb8faa20ab9,5357,size_in_bytes,lib/ocaml/compiler-libs/flambda2_term_basics__Symbol_projection.cmi,9610
2026-02-06T15:02:15Z,7e7d5d8c97a8904890a2adfd4ee81cb8faa20ab9,5357,size_in_bytes,lib/ocaml/compiler-libs/reg_class_utils.cmi,15340
2026-02-06T15:02:15Z,7e7d5d8c97a8904890a2adfd4ee81cb8faa20ab9,5357,size_in_bytes,lib/ocaml/compiler-libs/signature_with_global_bindings.cmi,3056
2026-02-06T15:02:15Z,7e7d5d8c97a8904890a2adfd4ee81cb8faa20ab9,5357,size_in_bytes,lib/ocaml/compiler-libs/flambda2_term_basics__Unit.cmi,56485
2026-02-06T15:02:15Z,7e7d5d8c97a8904890a2adfd4ee81cb8faa20ab9,5357,size_in_bytes,lib/ocaml/compiler-libs/type_shape.cmi,8495
2026-02-06T15:02:15Z,7e7d5d8c97a8904890a2adfd4ee81cb8faa20ab9,5357,size_in_bytes,lib/ocaml/compiler-libs/signature_group.cmi,8221
2026-02-06T15:02:15Z,7e7d5d8c97a8904890a2adfd4ee81cb8faa20ab9,5357,size_in_bytes,lib/ocaml/compiler-libs/flambda2_identifiers__Continuation_callsite_map.cmi,3422
2026-02-06T15:02:15Z,7e7d5d8c97a8904890a2adfd4ee81cb8faa20ab9,5357,size_in_bytes,lib/ocaml/compiler-libs/trace.cmi,5195
2026-02-06T15:02:15Z,7e7d5d8c97a8904890a2adfd4ee81cb8faa20ab9,5357,size_in_bytes,lib/ocaml/compiler-libs/build_path_prefix_map.cmi,3454
2026-02-06T15:02:15Z,7e7d5d8c97a8904890a2adfd4ee81cb8faa20ab9,5357,size_in_bytes,lib/ocaml/compiler-libs/flambda2_terms__Trap_action.cmi,10187
2026-02-06T15:02:15Z,7e7d5d8c97a8904890a2adfd4ee81cb8faa20ab9,5357,size_in_bytes,lib/ocaml/compiler-libs/flambda2_reaper.cmi,1562
2026-02-06T15:02:15Z,7e7d5d8c97a8904890a2adfd4ee81cb8faa20ab9,5357,size_in_bytes,lib/ocaml/compiler-libs/flambda2_simplify__Expr_builder.cmi,22914
2026-02-06T15:02:15Z,7e7d5d8c97a8904890a2adfd4ee81cb8faa20ab9,5357,size_in_bytes,lib/ocaml/compiler-libs/flambda2_identifiers__Continuation.cmi,67648
2026-02-06T15:02:15Z,7e7d5d8c97a8904890a2adfd4ee81cb8faa20ab9,5357,size_in_bytes,lib/ocaml/compiler-libs/flambda2_types__Type_descr.cmi,15946
2026-02-06T15:02:15Z,7e7d5d8c97a8904890a2adfd4ee81cb8faa20ab9,5357,size_in_bytes,lib/ocaml/compiler-libs/partition_object_files.cmi,2295
2026-02-06T15:02:15Z,7e7d5d8c97a8904890a2adfd4ee81cb8faa20ab9,5357,size_in_bytes,lib/ocaml/compiler-libs/errors.cmi,769
2026-02-06T15:02:15Z,7e7d5d8c97a8904890a2adfd4ee81cb8faa20ab9,5357,size_in_bytes,lib/ocaml/compiler-libs/branch_relaxation.cmi,10267
2026-02-06T15:02:15Z,7e7d5d8c97a8904890a2adfd4ee81cb8faa20ab9,5357,size_in_bytes,lib/ocaml/compiler-libs/includecore.cmi,20680
2026-02-06T15:02:15Z,7e7d5d8c97a8904890a2adfd4ee81cb8faa20ab9,5357,size_in_bytes,lib/ocaml/compiler-libs/flambda2_from_lambda__Lambda_to_lambda_transforms.cmi,7770
2026-02-06T15:02:15Z,7e7d5d8c97a8904890a2adfd4ee81cb8faa20ab9,5357,size_in_bytes,lib/ocaml/compiler-libs/flambda2_parser__Flambda_parser.cmi,26018
2026-02-06T15:02:15Z,7e7d5d8c97a8904890a2adfd4ee81cb8faa20ab9,5357,size_in_bytes,lib/ocaml/compiler-libs/mixed_block_shape.cmi,8421
2026-02-06T15:02:15Z,7e7d5d8c97a8904890a2adfd4ee81cb8faa20ab9,5357,size_in_bytes,lib/ocaml/compiler-libs/flambda2_bound_identifiers__Bound_static.cmi,10465
2026-02-06T15:02:15Z,7e7d5d8c97a8904890a2adfd4ee81cb8faa20ab9,5357,size_in_bytes,lib/ocaml/compiler-libs/mode_hint.cmi,11960
2026-02-06T15:02:15Z,7e7d5d8c97a8904890a2adfd4ee81cb8faa20ab9,5357,size_in_bytes,lib/ocaml/compiler-libs/binary_emitter_verify.cmi,4747
2026-02-06T15:02:15Z,7e7d5d8c97a8904890a2adfd4ee81cb8faa20ab9,5357,size_in_bytes,lib/ocaml/compiler-libs/flambda2_simplify__Downwards_env.cmi,43028
2026-02-06T15:02:15Z,7e7d5d8c97a8904890a2adfd4ee81cb8faa20ab9,5357,size_in_bytes,lib/ocaml/compiler-libs/vectorize_specific.cmi,10128
2026-02-06T15:02:15Z,7e7d5d8c97a8904890a2adfd4ee81cb8faa20ab9,5357,size_in_bytes,lib/ocaml/compiler-libs/optlibrarian.cmi,15353
2026-02-06T15:02:15Z,7e7d5d8c97a8904890a2adfd4ee81cb8faa20ab9,5357,size_in_bytes,lib/ocaml/compiler-libs/flambda2_numbers__One_bit_fewer.cmi,26669
2026-02-06T15:02:15Z,7e7d5d8c97a8904890a2adfd4ee81cb8faa20ab9,5357,size_in_bytes,lib/ocaml/compiler-libs/value_rec_check.cmi,3090
2026-02-06T15:02:15Z,7e7d5d8c97a8904890a2adfd4ee81cb8faa20ab9,5357,size_in_bytes,lib/ocaml/compiler-libs/flambda2_from_lambda__Closure_conversion.cmi,19122
2026-02-06T15:02:15Z,7e7d5d8c97a8904890a2adfd4ee81cb8faa20ab9,5357,size_in_bytes,lib/ocaml/compiler-libs/outcometree.cmi,24227
2026-02-06T15:02:15Z,7e7d5d8c97a8904890a2adfd4ee81cb8faa20ab9,5357,size_in_bytes,lib/ocaml/compiler-libs/amd64_simd_instrs.cmi,244684
2026-02-06T15:02:15Z,7e7d5d8c97a8904890a2adfd4ee81cb8faa20ab9,5357,size_in_bytes,lib/ocaml/compiler-libs/cfg_with_layout.cmi,21115
2026-02-06T15:02:15Z,7e7d5d8c97a8904890a2adfd4ee81cb8faa20ab9,5357,size_in_bytes,lib/ocaml/compiler-libs/flambda2_parser__Parse_flambda.cmi,10686
2026-02-06T15:02:15Z,7e7d5d8c97a8904890a2adfd4ee81cb8faa20ab9,5357,size_in_bytes,lib/ocaml/compiler-libs/flambda2_numbers__Numeric_types.cmi,753644
2026-02-06T15:02:15Z,7e7d5d8c97a8904890a2adfd4ee81cb8faa20ab9,5357,size_in_bytes,lib/ocaml/compiler-libs/flambda2_simplify__Common_subexpression_elimination.cmi,11249
2026-02-06T15:02:15Z,7e7d5d8c97a8904890a2adfd4ee81cb8faa20ab9,5357,size_in_bytes,lib/ocaml/compiler-libs/flambda2_simplify__Lifted_constant.cmi,19495
2026-02-06T15:02:15Z,7e7d5d8c97a8904890a2adfd4ee81cb8faa20ab9,5357,size_in_bytes,lib/ocaml/compiler-libs/includemod_errorprinter.cmi,2894
2026-02-06T15:02:15Z,7e7d5d8c97a8904890a2adfd4ee81cb8faa20ab9,5357,size_in_bytes,lib/ocaml/compiler-libs/flambda2_simplify__Simplify_apply_cont_expr.cmi,11133
2026-02-06T15:02:15Z,7e7d5d8c97a8904890a2adfd4ee81cb8faa20ab9,5357,size_in_bytes,lib/ocaml/compiler-libs/flambda2_simplify__Unboxing_types.cmi,16100
2026-02-06T15:02:15Z,7e7d5d8c97a8904890a2adfd4ee81cb8faa20ab9,5357,size_in_bytes,lib/ocaml/compiler-libs/matching.cmi,9997
2026-02-06T15:02:15Z,7e7d5d8c97a8904890a2adfd4ee81cb8faa20ab9,5357,size_in_bytes,lib/ocaml/compiler-libs/flambda2_nominal__Renaming.cmi,13784
2026-02-06T15:02:15Z,7e7d5d8c97a8904890a2adfd4ee81cb8faa20ab9,5357,size_in_bytes,lib/ocaml/compiler-libs/flambda2_simplify_shared__Call_site_inlining_decision_type.cmi,10697
2026-02-06T15:02:15Z,7e7d5d8c97a8904890a2adfd4ee81cb8faa20ab9,5357,size_in_bytes,lib/ocaml/compiler-libs/flambda2_terms__Inline_attribute.cmi,7838
2026-02-06T15:02:15Z,7e7d5d8c97a8904890a2adfd4ee81cb8faa20ab9,5357,size_in_bytes,lib/ocaml/compiler-libs/dwarf_low__Debug_ranges_table.cmi,3066
2026-02-06T15:02:15Z,7e7d5d8c97a8904890a2adfd4ee81cb8faa20ab9,5357,size_in_bytes,lib/ocaml/compiler-libs/flambda2_simplify__Continuation_shortcut.cmi,8182
2026-02-06T15:02:15Z,7e7d5d8c97a8904890a2adfd4ee81cb8faa20ab9,5357,size_in_bytes,lib/ocaml/compiler-libs/parmatch.cmi,12087
2026-02-06T15:02:15Z,7e7d5d8c97a8904890a2adfd4ee81cb8faa20ab9,5357,size_in_bytes,lib/ocaml/compiler-libs/flambda2_simplify__Control_flow_graph.cmi,11988
2026-02-06T15:02:15Z,7e7d5d8c97a8904890a2adfd4ee81cb8faa20ab9,5357,size_in_bytes,lib/ocaml/compiler-libs/flambda2_simplify__Simplify_coercion.cmi,10859
2026-02-06T15:02:15Z,7e7d5d8c97a8904890a2adfd4ee81cb8faa20ab9,5357,size_in_bytes,lib/ocaml/compiler-libs/flambda2_simplify__Loopify_state.cmi,7246
2026-02-06T15:02:15Z,7e7d5d8c97a8904890a2adfd4ee81cb8faa20ab9,5357,size_in_bytes,lib/ocaml/compiler-libs/stack_reg_offset.cmi,1146
2026-02-06T15:02:15Z,7e7d5d8c97a8904890a2adfd4ee81cb8faa20ab9,5357,size_in_bytes,lib/ocaml/compiler-libs/dissector_log.cmi,901
2026-02-06T15:02:15Z,7e7d5d8c97a8904890a2adfd4ee81cb8faa20ab9,5357,size_in_bytes,lib/ocaml/compiler-libs/dwarf_low__Dwarf_version.cmi,2318
2026-02-06T15:02:15Z,7e7d5d8c97a8904890a2adfd4ee81cb8faa20ab9,5357,size_in_bytes,lib/ocaml/compiler-libs/includemod.cmi,53994
2026-02-06T15:02:15Z,7e7d5d8c97a8904890a2adfd4ee81cb8faa20ab9,5357,size_in_bytes,lib/ocaml/compiler-libs/flambda2_simplify__Continuation_extra_params_and_args.cmi,12999
2026-02-06T15:02:15Z,7e7d5d8c97a8904890a2adfd4ee81cb8faa20ab9,5357,size_in_bytes,lib/ocaml/compiler-libs/env.cmi,111918
2026-02-06T15:02:15Z,7e7d5d8c97a8904890a2adfd4ee81cb8faa20ab9,5357,size_in_bytes,lib/ocaml/compiler-libs/flambda2_reaper__Dep_solver.cmi,17843
2026-02-06T15:02:15Z,7e7d5d8c97a8904890a2adfd4ee81cb8faa20ab9,5357,size_in_bytes,lib/ocaml/compiler-libs/runtimetags.cmi,2353
2026-02-06T15:02:15Z,7e7d5d8c97a8904890a2adfd4ee81cb8faa20ab9,5357,size_in_bytes,lib/ocaml/compiler-libs/dwarf_name_laundry.cmi,3927
2026-02-06T15:02:15Z,7e7d5d8c97a8904890a2adfd4ee81cb8faa20ab9,5357,size_in_bytes,lib/ocaml/compiler-libs/flambda2_simplify__Simplify_switch_expr.cmi,11109
2026-02-06T15:02:15Z,7e7d5d8c97a8904890a2adfd4ee81cb8faa20ab9,5357,size_in_bytes,lib/ocaml/compiler-libs/transl_comprehension_utils.cmi,19651
2026-02-06T15:02:15Z,7e7d5d8c97a8904890a2adfd4ee81cb8faa20ab9,5357,size_in_bytes,lib/ocaml/compiler-libs/format_doc.cmi,31310
2026-02-06T15:02:15Z,7e7d5d8c97a8904890a2adfd4ee81cb8faa20ab9,5357,size_in_bytes,lib/ocaml/compiler-libs/flambda2_types__Meet_env.cmi,16226
2026-02-06T15:02:15Z,7e7d5d8c97a8904890a2adfd4ee81cb8faa20ab9,5357,size_in_bytes,lib/ocaml/compiler-libs/pprintast.cmi,10501
2026-02-06T15:02:15Z,7e7d5d8c97a8904890a2adfd4ee81cb8faa20ab9,5357,size_in_bytes,lib/ocaml/compiler-libs/flambda2_simplify__Simplify_rec_info_expr.cmi,13504
2026-02-06T15:02:15Z,7e7d5d8c97a8904890a2adfd4ee81cb8faa20ab9,5357,size_in_bytes,lib/ocaml/compiler-libs/printslambda.cmi,3221
2026-02-06T15:02:15Z,7e7d5d8c97a8904890a2adfd4ee81cb8faa20ab9,5357,size_in_bytes,lib/ocaml/compiler-libs/cfg_dataflow.cmi,23776
2026-02-06T15:02:15Z,7e7d5d8c97a8904890a2adfd4ee81cb8faa20ab9,5357,size_in_bytes,lib/ocaml/compiler-libs/jit_backend.cmi,21303
2026-02-06T15:02:15Z,7e7d5d8c97a8904890a2adfd4ee81cb8faa20ab9,5357,size_in_bytes,lib/ocaml/compiler-libs/shape.cmi,130455
2026-02-06T15:02:15Z,7e7d5d8c97a8904890a2adfd4ee81cb8faa20ab9,5357,size_in_bytes,lib/ocaml/compiler-libs/slambda.cmi,3923
2026-02-06T15:02:15Z,7e7d5d8c97a8904890a2adfd4ee81cb8faa20ab9,5357,size_in_bytes,lib/ocaml/compiler-libs/flambda2_identifiers__Variable.cmi,9018
2026-02-06T15:02:15Z,7e7d5d8c97a8904890a2adfd4ee81cb8faa20ab9,5357,size_in_bytes,lib/ocaml/compiler-libs/flambda2_simplify__Upwards_acc.cmi,22871
2026-02-06T15:02:15Z,7e7d5d8c97a8904890a2adfd4ee81cb8faa20ab9,5357,size_in_bytes,lib/ocaml/compiler-libs/topstart.cmi,221
2026-02-06T15:02:15Z,7e7d5d8c97a8904890a2adfd4ee81cb8faa20ab9,5357,size_in_bytes,lib/ocaml/compiler-libs/flambda2_simplify__Simplify_ternary_primitive.cmi,12041
2026-02-06T15:02:15Z,7e7d5d8c97a8904890a2adfd4ee81cb8faa20ab9,5357,size_in_bytes,lib/ocaml/compiler-libs/datarepr.cmi,4700
2026-02-06T15:02:15Z,7e7d5d8c97a8904890a2adfd4ee81cb8faa20ab9,5357,size_in_bytes,lib/ocaml/compiler-libs/peephole_rules.cmi,10121
2026-02-06T15:02:15Z,7e7d5d8c97a8904890a2adfd4ee81cb8faa20ab9,5357,size_in_bytes,lib/ocaml/compiler-libs/build_linker_args.cmi,1818
2026-02-06T15:02:15Z,7e7d5d8c97a8904890a2adfd4ee81cb8faa20ab9,5357,size_in_bytes,lib/ocaml/compiler-libs/tast_iterator.cmi,18128
2026-02-06T15:02:15Z,7e7d5d8c97a8904890a2adfd4ee81cb8faa20ab9,5357,size_in_bytes,lib/ocaml/compiler-libs/optpackager.cmi,17766
2026-02-06T15:02:15Z,7e7d5d8c97a8904890a2adfd4ee81cb8faa20ab9,5357,size_in_bytes,lib/ocaml/compiler-libs/zero_alloc.cmi,5688
2026-02-06T15:02:15Z,7e7d5d8c97a8904890a2adfd4ee81cb8faa20ab9,5357,size_in_bytes,lib/ocaml/compiler-libs/flambda2_datalog__Column.cmi,59991
2026-02-06T15:02:15Z,7e7d5d8c97a8904890a2adfd4ee81cb8faa20ab9,5357,size_in_bytes,lib/ocaml/compiler-libs/transl_list_comprehension.cmi,3512
2026-02-06T15:02:15Z,7e7d5d8c97a8904890a2adfd4ee81cb8faa20ab9,5357,size_in_bytes,lib/ocaml/compiler-libs/flambda2_simplify__Simplify_primitive_result.cmi,15240
2026-02-06T15:02:15Z,7e7d5d8c97a8904890a2adfd4ee81cb8faa20ab9,5357,size_in_bytes,lib/ocaml/compiler-libs/cfg.cmi,42278
2026-02-06T15:02:15Z,7e7d5d8c97a8904890a2adfd4ee81cb8faa20ab9,5357,size_in_bytes,lib/ocaml/compiler-libs/cfg_cse.cmi,10264
2026-02-06T15:02:15Z,7e7d5d8c97a8904890a2adfd4ee81cb8faa20ab9,5357,size_in_bytes,lib/ocaml/compiler-libs/dwarf_low__Dwarf_attributes.cmi,138342
2026-02-06T15:02:15Z,7e7d5d8c97a8904890a2adfd4ee81cb8faa20ab9,5357,size_in_bytes,lib/ocaml/compiler-libs/cfg_reducibility.cmi,10254
2026-02-06T15:02:15Z,7e7d5d8c97a8904890a2adfd4ee81cb8faa20ab9,5357,size_in_bytes,lib/ocaml/compiler-libs/sub_cfg.cmi,16633
2026-02-06T15:02:15Z,7e7d5d8c97a8904890a2adfd4ee81cb8faa20ab9,5357,size_in_bytes,lib/ocaml/compiler-libs/flambda2_identifiers__Named_rewrite_id.cmi,52093
2026-02-06T15:02:15Z,7e7d5d8c97a8904890a2adfd4ee81cb8faa20ab9,5357,size_in_bytes,lib/ocaml/compiler-libs/dwarf_low__Debug_info_section.cmi,3333
2026-02-06T15:02:15Z,7e7d5d8c97a8904890a2adfd4ee81cb8faa20ab9,5357,size_in_bytes,lib/ocaml/compiler-libs/afl_instrument.cmi,9578
2026-02-06T15:02:15Z,7e7d5d8c97a8904890a2adfd4ee81cb8faa20ab9,5357,size_in_bytes,lib/ocaml/compiler-libs/optlink.cmi,13303
2026-02-06T15:02:15Z,7e7d5d8c97a8904890a2adfd4ee81cb8faa20ab9,5357,size_in_bytes,lib/ocaml/compiler-libs/flambda2_terms__Recursive.cmi,6965
2026-02-06T15:02:15Z,7e7d5d8c97a8904890a2adfd4ee81cb8faa20ab9,5357,size_in_bytes,lib/ocaml/compiler-libs/opttoploop.cmi,21341
2026-02-06T15:02:15Z,7e7d5d8c97a8904890a2adfd4ee81cb8faa20ab9,5357,size_in_bytes,lib/ocaml/compiler-libs/regalloc_affinity.cmi,11155
2026-02-06T15:02:15Z,7e7d5d8c97a8904890a2adfd4ee81cb8faa20ab9,5357,size_in_bytes,lib/ocaml/compiler-libs/flambda2_import.cmi,365
2026-02-06T15:02:15Z,7e7d5d8c97a8904890a2adfd4ee81cb8faa20ab9,5357,size_in_bytes,lib/ocaml/compiler-libs/flambda2_datalog__Virtual_machine.cmi,10206
2026-02-06T15:02:15Z,7e7d5d8c97a8904890a2adfd4ee81cb8faa20ab9,5357,size_in_bytes,lib/ocaml/compiler-libs/flambda2_to_cmm.cmi,1423
2026-02-06T15:02:15Z,7e7d5d8c97a8904890a2adfd4ee81cb8faa20ab9,5357,size_in_bytes,lib/ocaml/compiler-libs/flambda2_types__Meet.cmi,7659
2026-02-06T15:02:15Z,7e7d5d8c97a8904890a2adfd4ee81cb8faa20ab9,5357,size_in_bytes,lib/ocaml/compiler-libs/flambda2_algorithms__Container_types_intf.cmi,326502
2026-02-06T15:02:15Z,7e7d5d8c97a8904890a2adfd4ee81cb8faa20ab9,5357,size_in_bytes,lib/ocaml/compiler-libs/instantiator.cmi,7448
2026-02-06T15:02:15Z,7e7d5d8c97a8904890a2adfd4ee81cb8faa20ab9,5357,size_in_bytes,lib/ocaml/compiler-libs/x86_ast.cmi,16783
2026-02-06T15:02:15Z,7e7d5d8c97a8904890a2adfd4ee81cb8faa20ab9,5357,size_in_bytes,lib/ocaml/compiler-libs/flambda2_from_lambda__Lambda_to_flambda_primitives_helpers.cmi,16874
2026-02-06T15:02:15Z,7e7d5d8c97a8904890a2adfd4ee81cb8faa20ab9,5357,size_in_bytes,lib/ocaml/compiler-libs/flambda2_compare__Compare.cmi,9830
2026-02-06T15:02:15Z,7e7d5d8c97a8904890a2adfd4ee81cb8faa20ab9,5357,size_in_bytes,lib/ocaml/compiler-libs/cfg_selectgen_target_intf.cmi,18823
2026-02-06T15:02:15Z,7e7d5d8c97a8904890a2adfd4ee81cb8faa20ab9,5357,size_in_bytes,lib/ocaml/compiler-libs/probe_emission.cmi,13439
2026-02-06T15:02:15Z,7e7d5d8c97a8904890a2adfd4ee81cb8faa20ab9,5357,size_in_bytes,lib/ocaml/compiler-libs/dwarf_low__Dwarf_operator.cmi,17532
2026-02-06T15:02:15Z,7e7d5d8c97a8904890a2adfd4ee81cb8faa20ab9,5357,size_in_bytes,lib/ocaml/compiler-libs/flambda2_types__Join_env.cmi,13407
2026-02-06T15:02:15Z,7e7d5d8c97a8904890a2adfd4ee81cb8faa20ab9,5357,size_in_bytes,lib/ocaml/compiler-libs/printpat.cmi,4142
2026-02-06T15:02:15Z,7e7d5d8c97a8904890a2adfd4ee81cb8faa20ab9,5357,size_in_bytes,lib/ocaml/compiler-libs/flambda2_simplify__Simplify_set_of_closures_context.cmi,15213
2026-02-06T15:02:15Z,7e7d5d8c97a8904890a2adfd4ee81cb8faa20ab9,5357,size_in_bytes,lib/ocaml/compiler-libs/flambda2_types__Code_age_relation.cmi,8852
2026-02-06T15:02:15Z,7e7d5d8c97a8904890a2adfd4ee81cb8faa20ab9,5357,size_in_bytes,lib/ocaml/compiler-libs/flambda2_nominal__Num_occurrences.cmi,1273
2026-02-06T15:02:15Z,7e7d5d8c97a8904890a2adfd4ee81cb8faa20ab9,5357,size_in_bytes,lib/ocaml/compiler-libs/zero_alloc_utils.cmi,23603
2026-02-06T15:02:15Z,7e7d5d8c97a8904890a2adfd4ee81cb8faa20ab9,5357,size_in_bytes,lib/ocaml/compiler-libs/cfg_loop_infos.cmi,13592
2026-02-06T15:02:15Z,7e7d5d8c97a8904890a2adfd4ee81cb8faa20ab9,5357,size_in_bytes,lib/ocaml/compiler-libs/flambda2_types__Typing_env.cmi,32189
2026-02-06T15:02:15Z,7e7d5d8c97a8904890a2adfd4ee81cb8faa20ab9,5357,size_in_bytes,lib/ocaml/compiler-libs/debuginfo.cmi,17019
2026-02-06T15:02:15Z,7e7d5d8c97a8904890a2adfd4ee81cb8faa20ab9,5357,size_in_bytes,lib/ocaml/compiler-libs/dwarf_low__Dwarf_language.cmi,3374
2026-02-06T15:02:15Z,7e7d5d8c97a8904890a2adfd4ee81cb8faa20ab9,5357,size_in_bytes,lib/ocaml/compiler-libs/x86_masm.cmi,1596
2026-02-06T15:02:15Z,7e7d5d8c97a8904890a2adfd4ee81cb8faa20ab9,5357,size_in_bytes,lib/ocaml/compiler-libs/misc.cmi,198504
2026-02-06T15:02:15Z,7e7d5d8c97a8904890a2adfd4ee81cb8faa20ab9,5357,size_in_bytes,lib/ocaml/compiler-libs/printblambda.cmi,5184
2026-02-06T15:02:15Z,7e7d5d8c97a8904890a2adfd4ee81cb8faa20ab9,5357,size_in_bytes,lib/ocaml/compiler-libs/jkind_axis.cmi,20040
2026-02-06T15:02:15Z,7e7d5d8c97a8904890a2adfd4ee81cb8faa20ab9,5357,size_in_bytes,lib/ocaml/compiler-libs/language_extension_kernel.cmi,2345
2026-02-06T15:02:15Z,7e7d5d8c97a8904890a2adfd4ee81cb8faa20ab9,5357,size_in_bytes,lib/ocaml/compiler-libs/flambda2_from_lambda__Lambda_to_flambda_primitives.cmi,11317
2026-02-06T15:02:15Z,7e7d5d8c97a8904890a2adfd4ee81cb8faa20ab9,5357,size_in_bytes,lib/ocaml/compiler-libs/optcompile.cmi,17742
2026-02-06T15:02:15Z,7e7d5d8c97a8904890a2adfd4ee81cb8faa20ab9,5357,size_in_bytes,lib/ocaml/compiler-libs/dwarf_inlined_frames.cmi,12219
2026-02-06T15:02:15Z,7e7d5d8c97a8904890a2adfd4ee81cb8faa20ab9,5357,size_in_bytes,lib/ocaml/compiler-libs/bytelibrarian.cmi,1572
2026-02-06T15:02:15Z,7e7d5d8c97a8904890a2adfd4ee81cb8faa20ab9,5357,size_in_bytes,lib/ocaml/compiler-libs/flambda2_simplify__Non_constructed_code.cmi,16255
2026-02-06T15:02:15Z,7e7d5d8c97a8904890a2adfd4ee81cb8faa20ab9,5357,size_in_bytes,lib/ocaml/compiler-libs/translattribute.cmi,6365
2026-02-06T15:02:15Z,7e7d5d8c97a8904890a2adfd4ee81cb8faa20ab9,5357,size_in_bytes,lib/ocaml/compiler-libs/flambda2_datalog__Heterogenous_list.cmi,3406
2026-02-06T15:02:15Z,7e7d5d8c97a8904890a2adfd4ee81cb8faa20ab9,5357,size_in_bytes,lib/ocaml/compiler-libs/flambda2_algorithms__Channel.cmi,1539
2026-02-06T15:02:15Z,7e7d5d8c97a8904890a2adfd4ee81cb8faa20ab9,5357,size_in_bytes,lib/ocaml/compiler-libs/flambda2_simplify__Simplify_expr.cmi,11239
2026-02-06T15:02:15Z,7e7d5d8c97a8904890a2adfd4ee81cb8faa20ab9,5357,size_in_bytes,lib/ocaml/compiler-libs/flambda2_terms__Apply_expr.cmi,69343
2026-02-06T15:02:15Z,7e7d5d8c97a8904890a2adfd4ee81cb8faa20ab9,5357,size_in_bytes,lib/ocaml/compiler-libs/flambda2_terms__Probe.cmi,7174
2026-02-06T15:02:15Z,7e7d5d8c97a8904890a2adfd4ee81cb8faa20ab9,5357,size_in_bytes,lib/ocaml/compiler-libs/flambda2_parser__Flambda_lex.cmi,7956
2026-02-06T15:02:15Z,7e7d5d8c97a8904890a2adfd4ee81cb8faa20ab9,5357,size_in_bytes,lib/ocaml/compiler-libs/flambda2_simplify__Unbox_continuation_params.cmi,12141
2026-02-06T15:02:15Z,7e7d5d8c97a8904890a2adfd4ee81cb8faa20ab9,5357,size_in_bytes,lib/ocaml/compiler-libs/runtimedef.cmi,542
2026-02-06T15:02:15Z,7e7d5d8c97a8904890a2adfd4ee81cb8faa20ab9,5357,size_in_bytes,lib/ocaml/compiler-libs/typedtree.cmi,134524
2026-02-06T15:02:15Z,7e7d5d8c97a8904890a2adfd4ee81cb8faa20ab9,5357,size_in_bytes,lib/ocaml/compiler-libs/flambda2_types__Meet_and_join.cmi,8203
2026-02-06T15:02:15Z,7e7d5d8c97a8904890a2adfd4ee81cb8faa20ab9,5357,size_in_bytes,lib/ocaml/compiler-libs/regalloc_gi.cmi,10487
2026-02-06T15:02:15Z,7e7d5d8c97a8904890a2adfd4ee81cb8faa20ab9,5357,size_in_bytes,lib/ocaml/compiler-libs/dwarf_low__Initial_length.cmi,2175
2026-02-06T15:02:15Z,7e7d5d8c97a8904890a2adfd4ee81cb8faa20ab9,5357,size_in_bytes,lib/ocaml/compiler-libs/typetexp.cmi,19260
2026-02-06T15:02:15Z,7e7d5d8c97a8904890a2adfd4ee81cb8faa20ab9,5357,size_in_bytes,lib/ocaml/compiler-libs/llvmize.cmi,11848
2026-02-06T15:02:15Z,7e7d5d8c97a8904890a2adfd4ee81cb8faa20ab9,5357,size_in_bytes,lib/ocaml/compiler-libs/flambda2_reaper__Field.cmi,60725
2026-02-06T15:02:15Z,7e7d5d8c97a8904890a2adfd4ee81cb8faa20ab9,5357,size_in_bytes,lib/ocaml/compiler-libs/language_extension.cmi,14754
2026-02-06T15:02:15Z,7e7d5d8c97a8904890a2adfd4ee81cb8faa20ab9,5357,size_in_bytes,lib/ocaml/compiler-libs/iplt.cmi,4476
2026-02-06T15:02:15Z,7e7d5d8c97a8904890a2adfd4ee81cb8faa20ab9,5357,size_in_bytes,lib/ocaml/compiler-libs/meta.cmi,4258
2026-02-06T15:02:15Z,7e7d5d8c97a8904890a2adfd4ee81cb8faa20ab9,5357,size_in_bytes,lib/ocaml/compiler-libs/flambda2_to_cmm__To_cmm_expr.cmi,9603
2026-02-06T15:02:15Z,7e7d5d8c97a8904890a2adfd4ee81cb8faa20ab9,5357,size_in_bytes,lib/ocaml/compiler-libs/flambda2_nominal__Contains_ids.cmi,4672
2026-02-06T15:02:15Z,7e7d5d8c97a8904890a2adfd4ee81cb8faa20ab9,5357,size_in_bytes,lib/ocaml/compiler-libs/flambda2_term_basics__Rec_info_expr.cmi,10083
2026-02-06T15:02:15Z,7e7d5d8c97a8904890a2adfd4ee81cb8faa20ab9,5357,size_in_bytes,lib/ocaml/compiler-libs/expunge.cmi,444
2026-02-06T15:02:15Z,7e7d5d8c97a8904890a2adfd4ee81cb8faa20ab9,5357,size_in_bytes,lib/ocaml/compiler-libs/asmlink.cmi,11587
2026-02-06T15:02:15Z,7e7d5d8c97a8904890a2adfd4ee81cb8faa20ab9,5357,size_in_bytes,lib/ocaml/compiler-libs/dwarf_low__Dwarf_4_range_list.cmi,2736
2026-02-06T15:02:15Z,7e7d5d8c97a8904890a2adfd4ee81cb8faa20ab9,5357,size_in_bytes,lib/ocaml/compiler-libs/available_ranges_vars.cmi,55789
2026-02-06T15:02:15Z,7e7d5d8c97a8904890a2adfd4ee81cb8faa20ab9,5357,size_in_bytes,lib/ocaml/compiler-libs/flambda2_simplify__Continuation_uses_env_intf.cmi,11720
2026-02-06T15:02:15Z,7e7d5d8c97a8904890a2adfd4ee81cb8faa20ab9,5357,size_in_bytes,lib/ocaml/compiler-libs/flambda2_algorithms__Lmap.cmi,27223
2026-02-06T15:02:15Z,7e7d5d8c97a8904890a2adfd4ee81cb8faa20ab9,5357,size_in_bytes,lib/ocaml/compiler-libs/flambda2_terms.cmi,5653
2026-02-06T15:02:15Z,7e7d5d8c97a8904890a2adfd4ee81cb8faa20ab9,5357,size_in_bytes,lib/ocaml/compiler-libs/flambda2_reaper__Reaper.cmi,9833
2026-02-06T15:02:15Z,7e7d5d8c97a8904890a2adfd4ee81cb8faa20ab9,5357,size_in_bytes,lib/ocaml/compiler-libs/dwarf_low__Counted_location_description.cmi,2385
2026-02-06T15:02:15Z,7e7d5d8c97a8904890a2adfd4ee81cb8faa20ab9,5357,size_in_bytes,lib/ocaml/compiler-libs/simd_selection.cmi,30887
2026-02-06T15:02:15Z,7e7d5d8c97a8904890a2adfd4ee81cb8faa20ab9,5357,size_in_bytes,lib/ocaml/compiler-libs/ccomp.cmi,3135
2026-02-06T15:02:15Z,7e7d5d8c97a8904890a2adfd4ee81cb8faa20ab9,5357,size_in_bytes,lib/ocaml/compiler-libs/cm_bundle.cmi,2184
2026-02-06T15:02:15Z,7e7d5d8c97a8904890a2adfd4ee81cb8faa20ab9,5357,size_in_bytes,lib/ocaml/compiler-libs/flambda2_identifiers__Coercion0.cmi,7190
2026-02-06T15:02:15Z,7e7d5d8c97a8904890a2adfd4ee81cb8faa20ab9,5357,size_in_bytes,lib/ocaml/compiler-libs/dwarf_low__Dwarf_arch_sizes.cmi,563
2026-02-06T15:02:15Z,7e7d5d8c97a8904890a2adfd4ee81cb8faa20ab9,5357,size_in_bytes,lib/ocaml/compiler-libs/flambda2_simplify_shared__Slot_offsets.cmi,13954
2026-02-06T15:02:15Z,7e7d5d8c97a8904890a2adfd4ee81cb8faa20ab9,5357,size_in_bytes,lib/ocaml/compiler-libs/arg_helper.cmi,24006
2026-02-06T15:02:15Z,7e7d5d8c97a8904890a2adfd4ee81cb8faa20ab9,5357,size_in_bytes,lib/ocaml/compiler-libs/translquote.cmi,3241
2026-02-06T15:02:15Z,7e7d5d8c97a8904890a2adfd4ee81cb8faa20ab9,5357,size_in_bytes,lib/ocaml/compiler-libs/flambda2_types__Meet_and_n_way_join.cmi,8111
2026-02-06T15:02:15Z,7e7d5d8c97a8904890a2adfd4ee81cb8faa20ab9,5357,size_in_bytes,lib/ocaml/compiler-libs/static_label.cmi,52822
2026-02-06T15:02:15Z,7e7d5d8c97a8904890a2adfd4ee81cb8faa20ab9,5357,size_in_bytes,lib/ocaml/compiler-libs/global_module.cmi,164310
2026-02-06T15:02:15Z,7e7d5d8c97a8904890a2adfd4ee81cb8faa20ab9,5357,size_in_bytes,lib/ocaml/compiler-libs/solver.cmi,19296
2026-02-06T15:02:15Z,7e7d5d8c97a8904890a2adfd4ee81cb8faa20ab9,5357,size_in_bytes,lib/ocaml/compiler-libs/dwarf_low__Abbreviation_code.cmi,2878
2026-02-06T15:02:15Z,7e7d5d8c97a8904890a2adfd4ee81cb8faa20ab9,5357,size_in_bytes,lib/ocaml/compiler-libs/load_path.cmi,7231
2026-02-06T15:02:15Z,7e7d5d8c97a8904890a2adfd4ee81cb8faa20ab9,5357,size_in_bytes,lib/ocaml/compiler-libs/bytelink.cmi,19934
2026-02-06T15:02:15Z,7e7d5d8c97a8904890a2adfd4ee81cb8faa20ab9,5357,size_in_bytes,lib/ocaml/compiler-libs/flambda2_classic_mode_types__Value_approximation.cmi,7519
2026-02-06T15:02:15Z,7e7d5d8c97a8904890a2adfd4ee81cb8faa20ab9,5357,size_in_bytes,lib/ocaml/compiler-libs/regalloc_gi_state.cmi,14197
2026-02-06T15:02:15Z,7e7d5d8c97a8904890a2adfd4ee81cb8faa20ab9,5357,size_in_bytes,lib/ocaml/compiler-libs/dwarf.cmi,12911
2026-02-06T15:02:15Z,7e7d5d8c97a8904890a2adfd4ee81cb8faa20ab9,5357,size_in_bytes,lib/ocaml/compiler-libs/dwarf_low__Dwarf_int.cmi,4714
2026-02-06T15:02:15Z,7e7d5d8c97a8904890a2adfd4ee81cb8faa20ab9,5357,size_in_bytes,lib/ocaml/compiler-libs/flambda2_nominal__Name_occurrences.cmi,29244
2026-02-06T15:02:15Z,7e7d5d8c97a8904890a2adfd4ee81cb8faa20ab9,5357,size_in_bytes,lib/ocaml/compiler-libs/stack_check.cmi,9975
2026-02-06T15:02:15Z,7e7d5d8c97a8904890a2adfd4ee81cb8faa20ab9,5357,size_in_bytes,lib/ocaml/compiler-libs/vectorize_utils.cmi,16538
2026-02-06T15:02:15Z,7e7d5d8c97a8904890a2adfd4ee81cb8faa20ab9,5357,size_in_bytes,lib/ocaml/compiler-libs/optcomp_intf.cmi,14568
2026-02-06T15:02:15Z,7e7d5d8c97a8904890a2adfd4ee81cb8faa20ab9,5357,size_in_bytes,lib/ocaml/compiler-libs/flambda2_term_basics__Alloc_mode.cmi,14881
2026-02-06T15:02:15Z,7e7d5d8c97a8904890a2adfd4ee81cb8faa20ab9,5357,size_in_bytes,lib/ocaml/compiler-libs/regalloc_interf_graph.cmi,19584
2026-02-06T15:02:15Z,7e7d5d8c97a8904890a2adfd4ee81cb8faa20ab9,5357,size_in_bytes,lib/ocaml/compiler-libs/ctype.cmi,89624
2026-02-06T15:02:15Z,7e7d5d8c97a8904890a2adfd4ee81cb8faa20ab9,5357,size_in_bytes,lib/ocaml/compiler-libs/flambda2_numbers.cmi,1044
2026-02-06T15:02:15Z,7e7d5d8c97a8904890a2adfd4ee81cb8faa20ab9,5357,size_in_bytes,lib/ocaml/compiler-libs/flambda2_term_basics__Continuation_use_kind.cmi,992
2026-02-06T15:02:15Z,7e7d5d8c97a8904890a2adfd4ee81cb8faa20ab9,5357,size_in_bytes,lib/ocaml/compiler-libs/typemode.cmi,7263
2026-02-06T15:02:15Z,7e7d5d8c97a8904890a2adfd4ee81cb8faa20ab9,5357,size_in_bytes,lib/ocaml/compiler-libs/lexer.cmi,5700
2026-02-06T15:02:15Z,7e7d5d8c97a8904890a2adfd4ee81cb8faa20ab9,5357,size_in_bytes,lib/ocaml/compiler-libs/flambda2_identifiers__Apply_cont_rewrite_id.cmi,52133
2026-02-06T15:02:15Z,7e7d5d8c97a8904890a2adfd4ee81cb8faa20ab9,5357,size_in_bytes,lib/ocaml/compiler-libs/compilenv.cmi,15011
2026-02-06T15:02:15Z,7e7d5d8c97a8904890a2adfd4ee81cb8faa20ab9,5357,size_in_bytes,lib/ocaml/compiler-libs/flambda2_terms__Coeffects.cmi,7464
2026-02-06T15:02:15Z,7e7d5d8c97a8904890a2adfd4ee81cb8faa20ab9,5357,size_in_bytes,lib/ocaml/compiler-libs/slambda0.cmi,465
2026-02-06T15:02:15Z,7e7d5d8c97a8904890a2adfd4ee81cb8faa20ab9,5357,size_in_bytes,lib/ocaml/compiler-libs/flambda2_from_lambda__Lambda_to_flambda_env.cmi,19744
2026-02-06T15:02:15Z,7e7d5d8c97a8904890a2adfd4ee81cb8faa20ab9,5357,size_in_bytes,lib/ocaml/compiler-libs/dwarf_low__Abbreviations_table.cmi,3157
2026-02-06T15:02:15Z,7e7d5d8c97a8904890a2adfd4ee81cb8faa20ab9,5357,size_in_bytes,lib/ocaml/compiler-libs/flambda2_types__With_cached_free_names.cmi,10685
2026-02-06T15:02:15Z,7e7d5d8c97a8904890a2adfd4ee81cb8faa20ab9,5357,size_in_bytes,lib/ocaml/compiler-libs/flambda2_term_basics__Or_invalid.cmi,2201
2026-02-06T15:02:15Z,7e7d5d8c97a8904890a2adfd4ee81cb8faa20ab9,5357,size_in_bytes,lib/ocaml/compiler-libs/cmo_format.cmi,6256
2026-02-06T15:02:15Z,7e7d5d8c97a8904890a2adfd4ee81cb8faa20ab9,5357,size_in_bytes,lib/ocaml/compiler-libs/flambda2_simplify__Simplify_set_of_closures.cmi,13540
2026-02-06T15:02:15Z,7e7d5d8c97a8904890a2adfd4ee81cb8faa20ab9,5357,size_in_bytes,lib/ocaml/compiler-libs/dwarf_compilation_unit.cmi,2665
2026-02-06T15:02:15Z,7e7d5d8c97a8904890a2adfd4ee81cb8faa20ab9,5357,size_in_bytes,lib/ocaml/compiler-libs/parse.cmi,4282
2026-02-06T15:02:15Z,7e7d5d8c97a8904890a2adfd4ee81cb8faa20ab9,5357,size_in_bytes,lib/ocaml/compiler-libs/arch.cmi,23702
2026-02-06T15:02:15Z,7e7d5d8c97a8904890a2adfd4ee81cb8faa20ab9,5357,size_in_bytes,lib/ocaml/compiler-libs/regalloc_split_state.cmi,12054
2026-02-06T15:02:15Z,7e7d5d8c97a8904890a2adfd4ee81cb8faa20ab9,5357,size_in_bytes,lib/ocaml/compiler-libs/flambda2_term_basics.cmi,2345
2026-02-06T15:02:15Z,7e7d5d8c97a8904890a2adfd4ee81cb8faa20ab9,5357,size_in_bytes,lib/ocaml/compiler-libs/flambda2_simplify__Original_handlers.cmi,11344
2026-02-06T15:02:15Z,7e7d5d8c97a8904890a2adfd4ee81cb8faa20ab9,5357,size_in_bytes,lib/ocaml/compiler-libs/flambda2_nominal__Permutation.cmi,3438
2026-02-06T15:02:15Z,7e7d5d8c97a8904890a2adfd4ee81cb8faa20ab9,5357,size_in_bytes,lib/ocaml/compiler-libs/cfg_deadcode.cmi,10228
2026-02-06T15:02:15Z,7e7d5d8c97a8904890a2adfd4ee81cb8faa20ab9,5357,size_in_bytes,lib/ocaml/compiler-libs/lazy_backtrack.cmi,3342
2026-02-06T15:02:15Z,7e7d5d8c97a8904890a2adfd4ee81cb8faa20ab9,5357,size_in_bytes,lib/ocaml/compiler-libs/numbers.cmi,163221
2026-02-06T15:02:15Z,7e7d5d8c97a8904890a2adfd4ee81cb8faa20ab9,5357,size_in_bytes,lib/ocaml/compiler-libs/instruct.cmi,17458
2026-02-06T15:02:15Z,7e7d5d8c97a8904890a2adfd4ee81cb8faa20ab9,5357,size_in_bytes,lib/ocaml/compiler-libs/cfg_prologue.cmi,10445
2026-02-06T15:02:15Z,7e7d5d8c97a8904890a2adfd4ee81cb8faa20ab9,5357,size_in_bytes,lib/ocaml/compiler-libs/stack_class.cmi,16336
2026-02-06T15:02:15Z,7e7d5d8c97a8904890a2adfd4ee81cb8faa20ab9,5357,size_in_bytes,lib/ocaml/compiler-libs/allowance.cmi,5145
2026-02-06T15:02:15Z,7e7d5d8c97a8904890a2adfd4ee81cb8faa20ab9,5357,size_in_bytes,lib/ocaml/compiler-libs/flambda2_simplify__Function_decl_inlining_decision.cmi,8636
2026-02-06T15:02:15Z,7e7d5d8c97a8904890a2adfd4ee81cb8faa20ab9,5357,size_in_bytes,lib/ocaml/compiler-libs/flambda2_terms__Code_or_metadata.cmi,14714
2026-02-06T15:02:15Z,7e7d5d8c97a8904890a2adfd4ee81cb8faa20ab9,5357,size_in_bytes,lib/ocaml/compiler-libs/flambda2_terms__Result_types.cmi,9098
2026-02-06T15:02:15Z,7e7d5d8c97a8904890a2adfd4ee81cb8faa20ab9,5357,size_in_bytes,lib/ocaml/compiler-libs/flambda2_cmx__Flambda_cmx_format.cmi,11939
2026-02-06T15:02:15Z,7e7d5d8c97a8904890a2adfd4ee81cb8faa20ab9,5357,size_in_bytes,lib/ocaml/compiler-libs/dwarf_high__Simple_location_description_lang.cmi,10217
2026-02-06T15:02:15Z,7e7d5d8c97a8904890a2adfd4ee81cb8faa20ab9,5357,size_in_bytes,lib/ocaml/compiler-libs/flambda2_to_cmm__To_cmm_effects.cmi,11993
2026-02-06T15:02:15Z,7e7d5d8c97a8904890a2adfd4ee81cb8faa20ab9,5357,size_in_bytes,lib/ocaml/compiler-libs/opcodes.cmi,18133
2026-02-06T15:02:15Z,7e7d5d8c97a8904890a2adfd4ee81cb8faa20ab9,5357,size_in_bytes,lib/ocaml/compiler-libs/asm_targets__Asm_symbol.cmi,58485
2026-02-06T15:02:15Z,7e7d5d8c97a8904890a2adfd4ee81cb8faa20ab9,5357,size_in_bytes,lib/ocaml/compiler-libs/flambda2_term_basics__Or_variable.cmi,8131
2026-02-06T15:02:15Z,7e7d5d8c97a8904890a2adfd4ee81cb8faa20ab9,5357,size_in_bytes,lib/ocaml/compiler-libs/translmod.cmi,7537
2026-02-06T15:02:15Z,7e7d5d8c97a8904890a2adfd4ee81cb8faa20ab9,5357,size_in_bytes,lib/ocaml/compiler-libs/cfg_simplify.cmi,10033
2026-02-06T15:02:15Z,7e7d5d8c97a8904890a2adfd4ee81cb8faa20ab9,5357,size_in_bytes,lib/ocaml/compiler-libs/flambda2_term_basics__Coercion.cmi,9320
2026-02-06T15:02:15Z,7e7d5d8c97a8904890a2adfd4ee81cb8faa20ab9,5357,size_in_bytes,lib/ocaml/compiler-libs/printcmm.cmi,15011
2026-02-06T15:02:15Z,7e7d5d8c97a8904890a2adfd4ee81cb8faa20ab9,5357,size_in_bytes,lib/ocaml/compiler-libs/flambda2_types__Typing_env_level.cmi,12916
2026-02-06T15:02:15Z,7e7d5d8c97a8904890a2adfd4ee81cb8faa20ab9,5357,size_in_bytes,lib/ocaml/compiler-libs/flambda2_simplify_shared__Exported_offsets.cmi,9505
2026-02-06T15:02:15Z,7e7d5d8c97a8904890a2adfd4ee81cb8faa20ab9,5357,size_in_bytes,lib/ocaml/compiler-libs/typedecl_properties.cmi,6119
2026-02-06T15:02:15Z,7e7d5d8c97a8904890a2adfd4ee81cb8faa20ab9,5357,size_in_bytes,lib/ocaml/compiler-libs/peephole_optimize.cmi,10077
2026-02-06T15:02:15Z,7e7d5d8c97a8904890a2adfd4ee81cb8faa20ab9,5357,size_in_bytes,lib/ocaml/compiler-libs/printreg.cmi,12820
2026-02-06T15:02:15Z,7e7d5d8c97a8904890a2adfd4ee81cb8faa20ab9,5357,size_in_bytes,lib/ocaml/compiler-libs/flambda2_to_jsir__To_jsir_primitive.cmi,8983
2026-02-06T15:02:15Z,7e7d5d8c97a8904890a2adfd4ee81cb8faa20ab9,5357,size_in_bytes,lib/ocaml/compiler-libs/flambda2_simplify_shared__Inlining_report.cmi,38350
2026-02-06T15:02:15Z,7e7d5d8c97a8904890a2adfd4ee81cb8faa20ab9,5357,size_in_bytes,lib/ocaml/compiler-libs/flambda2_types__Set_of_closures_contents.cmi,161650
2026-02-06T15:02:15Z,7e7d5d8c97a8904890a2adfd4ee81cb8faa20ab9,5357,size_in_bytes,lib/ocaml/compiler-libs/diffing_with_keys.cmi,7413
2026-02-06T15:02:15Z,7e7d5d8c97a8904890a2adfd4ee81cb8faa20ab9,5357,size_in_bytes,lib/ocaml/compiler-libs/build_igot_and_iplt.cmi,2862
2026-02-06T15:02:15Z,7e7d5d8c97a8904890a2adfd4ee81cb8faa20ab9,5357,size_in_bytes,lib/ocaml/compiler-libs/flambda2_types__Cached_level.cmi,11821
2026-02-06T15:02:15Z,7e7d5d8c97a8904890a2adfd4ee81cb8faa20ab9,5357,size_in_bytes,lib/ocaml/compiler-libs/dwarf_low__Address_index.cmi,104076
2026-02-06T15:02:15Z,7e7d5d8c97a8904890a2adfd4ee81cb8faa20ab9,5357,size_in_bytes,lib/ocaml/compiler-libs/dwarf_low__Debugging_information_entry.cmi,4657
2026-02-06T15:02:15Z,7e7d5d8c97a8904890a2adfd4ee81cb8faa20ab9,5357,size_in_bytes,lib/ocaml/compiler-libs/local_store.cmi,2054
2026-02-06T15:02:15Z,7e7d5d8c97a8904890a2adfd4ee81cb8faa20ab9,5357,size_in_bytes,lib/ocaml/compiler-libs/flambda2_nominal__Contains_names.cmi,5471
2026-02-06T15:02:15Z,7e7d5d8c97a8904890a2adfd4ee81cb8faa20ab9,5357,size_in_bytes,lib/ocaml/compiler-libs/typeopt.cmi,11181
2026-02-06T15:02:15Z,7e7d5d8c97a8904890a2adfd4ee81cb8faa20ab9,5357,size_in_bytes,lib/ocaml/compiler-libs/flambda2_simplify__Named_rewrite.cmi,8761
2026-02-06T15:02:15Z,7e7d5d8c97a8904890a2adfd4ee81cb8faa20ab9,5357,size_in_bytes,lib/ocaml/compiler-libs/flambda2_lattices__Or_unknown.cmi,62663
2026-02-06T15:02:15Z,7e7d5d8c97a8904890a2adfd4ee81cb8faa20ab9,5357,size_in_bytes,lib/ocaml/compiler-libs/flambda2_datalog__Cursor.cmi,17538
2026-02-06T15:02:15Z,7e7d5d8c97a8904890a2adfd4ee81cb8faa20ab9,5357,size_in_bytes,lib/ocaml/compiler-libs/int_replace_polymorphic_compare.cmi,2311
2026-02-06T15:02:15Z,7e7d5d8c97a8904890a2adfd4ee81cb8faa20ab9,5357,size_in_bytes,lib/ocaml/compiler-libs/oxcaml_flags.cmi,33381
2026-02-06T15:02:15Z,7e7d5d8c97a8904890a2adfd4ee81cb8faa20ab9,5357,size_in_bytes,lib/ocaml/compiler-libs/simplif.cmi,4505
2026-02-06T15:02:15Z,7e7d5d8c97a8904890a2adfd4ee81cb8faa20ab9,5357,size_in_bytes,lib/ocaml/compiler-libs/regalloc_ls_state.cmi,15591
2026-02-06T15:02:15Z,7e7d5d8c97a8904890a2adfd4ee81cb8faa20ab9,5357,size_in_bytes,lib/ocaml/compiler-libs/symbol_table.cmi,6332
2026-02-06T15:02:15Z,7e7d5d8c97a8904890a2adfd4ee81cb8faa20ab9,5357,size_in_bytes,lib/ocaml/compiler-libs/targetint.cmi,10611
2026-02-06T15:02:15Z,7e7d5d8c97a8904890a2adfd4ee81cb8faa20ab9,5357,size_in_bytes,lib/ocaml/compiler-libs/zero_alloc_info.cmi,2729
2026-02-06T15:02:15Z,7e7d5d8c97a8904890a2adfd4ee81cb8faa20ab9,5357,size_in_bytes,lib/ocaml/compiler-libs/mode_intf.cmi,376372
2026-02-06T15:02:15Z,7e7d5d8c97a8904890a2adfd4ee81cb8faa20ab9,5357,size_in_bytes,lib/ocaml/compiler-libs/flambda2_simplify__Closure_info.cmi,8567
2026-02-06T15:02:15Z,7e7d5d8c97a8904890a2adfd4ee81cb8faa20ab9,5357,size_in_bytes,lib/ocaml/compiler-libs/makedepend.cmi,657
2026-02-06T15:02:15Z,7e7d5d8c97a8904890a2adfd4ee81cb8faa20ab9,5357,size_in_bytes,lib/ocaml/compiler-libs/asm_targets__Asm_section.cmi,14540
2026-02-06T15:02:15Z,7e7d5d8c97a8904890a2adfd4ee81cb8faa20ab9,5357,size_in_bytes,lib/ocaml/compiler-libs/dwarf_low__Debug_loc_table.cmi,3312
2026-02-06T15:02:15Z,7e7d5d8c97a8904890a2adfd4ee81cb8faa20ab9,5357,size_in_bytes,lib/ocaml/compiler-libs/tast_mapper.cmi,18583
2026-02-06T15:02:15Z,7e7d5d8c97a8904890a2adfd4ee81cb8faa20ab9,5357,size_in_bytes,lib/ocaml/compiler-libs/includeclass.cmi,4136
2026-02-06T15:02:15Z,7e7d5d8c97a8904890a2adfd4ee81cb8faa20ab9,5357,size_in_bytes,lib/ocaml/compiler-libs/flambda2_to_cmm__To_cmm_primitive.cmi,10755
2026-02-06T15:02:15Z,7e7d5d8c97a8904890a2adfd4ee81cb8faa20ab9,5357,size_in_bytes,lib/ocaml/compiler-libs/dwarf_low__Range_list_table.cmi,3891
2026-02-06T15:02:15Z,7e7d5d8c97a8904890a2adfd4ee81cb8faa20ab9,5357,size_in_bytes,lib/ocaml/compiler-libs/asm_targets.cmi,820
2026-02-06T15:02:15Z,7e7d5d8c97a8904890a2adfd4ee81cb8faa20ab9,5357,size_in_bytes,lib/ocaml/compiler-libs/flambda2_from_lambda__Closure_conversion_aux.cmi,66495
2026-02-06T15:02:15Z,7e7d5d8c97a8904890a2adfd4ee81cb8faa20ab9,5357,size_in_bytes,lib/ocaml/compiler-libs/flambda2_to_cmm__To_cmm_static.cmi,10804
2026-02-06T15:02:15Z,7e7d5d8c97a8904890a2adfd4ee81cb8faa20ab9,5357,size_in_bytes,lib/ocaml/compiler-libs/flambda2_simplify__Simplify_apply_expr.cmi,11268
2026-02-06T15:02:15Z,7e7d5d8c97a8904890a2adfd4ee81cb8faa20ab9,5357,size_in_bytes,lib/ocaml/compiler-libs/parsetree.cmi,77608
2026-02-06T15:02:15Z,7e7d5d8c97a8904890a2adfd4ee81cb8faa20ab9,5357,size_in_bytes,lib/ocaml/compiler-libs/cfg_liveness.cmi,15450
2026-02-06T15:02:15Z,7e7d5d8c97a8904890a2adfd4ee81cb8faa20ab9,5357,size_in_bytes,lib/ocaml/compiler-libs/flambda2_bound_identifiers__Bound_parameters.cmi,12457
2026-02-06T15:02:15Z,7e7d5d8c97a8904890a2adfd4ee81cb8faa20ab9,5357,size_in_bytes,lib/ocaml/compiler-libs/flambda2_simplify__Apply_cont_rewrite.cmi,12805
2026-02-06T15:02:15Z,7e7d5d8c97a8904890a2adfd4ee81cb8faa20ab9,5357,size_in_bytes,lib/ocaml/compiler-libs/flambda2_term_basics__Inlined_debuginfo.cmi,5960
2026-02-06T15:02:15Z,7e7d5d8c97a8904890a2adfd4ee81cb8faa20ab9,5357,size_in_bytes,lib/ocaml/compiler-libs/flambda2_types__Equal_types_for_debug.cmi,10564
2026-02-06T15:02:15Z,7e7d5d8c97a8904890a2adfd4ee81cb8faa20ab9,5357,size_in_bytes,lib/ocaml/compiler-libs/flambda2_parser__Fexpr_prim_descr.cmi,25944
2026-02-06T15:02:15Z,7e7d5d8c97a8904890a2adfd4ee81cb8faa20ab9,5357,size_in_bytes,lib/ocaml/compiler-libs/printast_with_mappings.cmi,3127
2026-02-06T15:02:15Z,7e7d5d8c97a8904890a2adfd4ee81cb8faa20ab9,5357,size_in_bytes,lib/ocaml/compiler-libs/asm_targets__Asm_directives.cmi,37691
2026-02-06T15:02:15Z,7e7d5d8c97a8904890a2adfd4ee81cb8faa20ab9,5357,size_in_bytes,lib/ocaml/compiler-libs/flambda2_numbers__Or_infinity.cmi,3209
2026-02-06T15:02:15Z,7e7d5d8c97a8904890a2adfd4ee81cb8faa20ab9,5357,size_in_bytes,lib/ocaml/compiler-libs/dissector.cmi,3817
2026-02-06T15:02:15Z,7e7d5d8c97a8904890a2adfd4ee81cb8faa20ab9,5357,size_in_bytes,lib/ocaml/compiler-libs/flambda2_classic_mode_types.cmi,461
2026-02-06T15:02:15Z,7e7d5d8c97a8904890a2adfd4ee81cb8faa20ab9,5357,size_in_bytes,lib/ocaml/compiler-libs/transl_array_comprehension.cmi,3628
2026-02-06T15:02:15Z,7e7d5d8c97a8904890a2adfd4ee81cb8faa20ab9,5357,size_in_bytes,lib/ocaml/compiler-libs/printlambda.cmi,9169
2026-02-06T15:02:15Z,7e7d5d8c97a8904890a2adfd4ee81cb8faa20ab9,5357,size_in_bytes,lib/ocaml/compiler-libs/flambda2_algorithms__Patricia_tree.cmi,55898
2026-02-06T15:02:15Z,7e7d5d8c97a8904890a2adfd4ee81cb8faa20ab9,5357,size_in_bytes,lib/ocaml/compiler-libs/dwarf_low__Composite_location_description.cmi,2372
2026-02-06T15:02:15Z,7e7d5d8c97a8904890a2adfd4ee81cb8faa20ab9,5357,size_in_bytes,lib/ocaml/compiler-libs/x86_ast_utils.cmi,4227
2026-02-06T15:02:15Z,7e7d5d8c97a8904890a2adfd4ee81cb8faa20ab9,5357,size_in_bytes,lib/ocaml/compiler-libs/flambda2_floats__Float32.cmi,4001
2026-02-06T15:02:15Z,7e7d5d8c97a8904890a2adfd4ee81cb8faa20ab9,5357,size_in_bytes,lib/ocaml/compiler-libs/flambda2_bound_identifiers__Bound_continuation.cmi,6948
2026-02-06T15:02:15Z,7e7d5d8c97a8904890a2adfd4ee81cb8faa20ab9,5357,size_in_bytes,lib/ocaml/compiler-libs/flambda2_terms__Regalloc_attribute.cmi,7602
2026-02-06T15:02:15Z,7e7d5d8c97a8904890a2adfd4ee81cb8faa20ab9,5357,size_in_bytes,lib/ocaml/compiler-libs/cmmgen_state.cmi,14752
2026-02-06T15:02:15Z,7e7d5d8c97a8904890a2adfd4ee81cb8faa20ab9,5357,size_in_bytes,lib/ocaml/compiler-libs/warnings.cmi,19125
2026-02-06T15:02:15Z,7e7d5d8c97a8904890a2adfd4ee81cb8faa20ab9,5357,size_in_bytes,lib/ocaml/compiler-libs/flambda2_identifiers__Name.cmi,60781
2026-02-06T15:02:15Z,7e7d5d8c97a8904890a2adfd4ee81cb8faa20ab9,5357,size_in_bytes,lib/ocaml/compiler-libs/asm_targets__Asm_label.cmi,54303
2026-02-06T15:02:15Z,7e7d5d8c97a8904890a2adfd4ee81cb8faa20ab9,5357,size_in_bytes,lib/ocaml/compiler-libs/dwarf_high__Operator_builder.cmi,5778
2026-02-06T15:02:15Z,7e7d5d8c97a8904890a2adfd4ee81cb8faa20ab9,5357,size_in_bytes,lib/ocaml/compiler-libs/flambda2_bound_identifiers__Bound_name.cmi,6829
2026-02-06T15:02:15Z,7e7d5d8c97a8904890a2adfd4ee81cb8faa20ab9,5357,size_in_bytes,lib/ocaml/compiler-libs/cfg_invariants.cmi,10146
2026-02-06T15:02:15Z,7e7d5d8c97a8904890a2adfd4ee81cb8faa20ab9,5357,size_in_bytes,lib/ocaml/compiler-libs/diffing.cmi,8605
2026-02-06T15:02:15Z,7e7d5d8c97a8904890a2adfd4ee81cb8faa20ab9,5357,size_in_bytes,lib/ocaml/compiler-libs/flambda2_to_cmm__To_cmm_shared.cmi,23969
2026-02-06T15:02:15Z,7e7d5d8c97a8904890a2adfd4ee81cb8faa20ab9,5357,size_in_bytes,lib/ocaml/compiler-libs/flambda2_bound_identifiers__Bound_pattern.cmi,11949
2026-02-06T15:02:15Z,7e7d5d8c97a8904890a2adfd4ee81cb8faa20ab9,5357,size_in_bytes,lib/ocaml/compiler-libs/flambda2_terms__Inlining_arguments.cmi,9426
2026-02-06T15:02:15Z,7e7d5d8c97a8904890a2adfd4ee81cb8faa20ab9,5357,size_in_bytes,lib/ocaml/compiler-libs/flambda2_to_jsir__To_jsir_set_of_closures.cmi,8897
2026-02-06T15:02:15Z,7e7d5d8c97a8904890a2adfd4ee81cb8faa20ab9,5357,size_in_bytes,lib/ocaml/compiler-libs/dsl_helpers.cmi,227
2026-02-06T15:02:15Z,7e7d5d8c97a8904890a2adfd4ee81cb8faa20ab9,5357,size_in_bytes,lib/ocaml/compiler-libs/primitive.cmi,15597
2026-02-06T15:02:15Z,7e7d5d8c97a8904890a2adfd4ee81cb8faa20ab9,5357,size_in_bytes,lib/ocaml/compiler-libs/location_tracker_formatter.cmi,5012
2026-02-06T15:02:15Z,7e7d5d8c97a8904890a2adfd4ee81cb8faa20ab9,5357,size_in_bytes,lib/ocaml/compiler-libs/flambda2_lattices__Or_unknown_or_bottom.cmi,4635
2026-02-06T15:02:15Z,7e7d5d8c97a8904890a2adfd4ee81cb8faa20ab9,5357,size_in_bytes,lib/ocaml/compiler-libs/flambda2_to_cmm__To_cmm_set_of_closures.cmi,13119
2026-02-06T15:02:15Z,7e7d5d8c97a8904890a2adfd4ee81cb8faa20ab9,5357,size_in_bytes,lib/ocaml/compiler-libs/linear_format.cmi,11476
2026-02-06T15:02:15Z,7e7d5d8c97a8904890a2adfd4ee81cb8faa20ab9,5357,size_in_bytes,lib/ocaml/compiler-libs/flambda2_terms__Validity.cmi,7326
2026-02-06T15:02:15Z,7e7d5d8c97a8904890a2adfd4ee81cb8faa20ab9,5357,size_in_bytes,lib/ocaml/compiler-libs/flambda2_reaper__Rebuild.cmi,11140
2026-02-06T15:02:15Z,7e7d5d8c97a8904890a2adfd4ee81cb8faa20ab9,5357,size_in_bytes,lib/ocaml/compiler-libs/syntaxerr.cmi,4262
2026-02-06T15:02:15Z,7e7d5d8c97a8904890a2adfd4ee81cb8faa20ab9,5357,size_in_bytes,lib/ocaml/compiler-libs/cfg_cse_target_intf.cmi,10894
2026-02-06T15:02:15Z,7e7d5d8c97a8904890a2adfd4ee81cb8faa20ab9,5357,size_in_bytes,lib/ocaml/compiler-libs/flambda2_simplify__Simplified_named.cmi,12913
2026-02-06T15:02:15Z,7e7d5d8c97a8904890a2adfd4ee81cb8faa20ab9,5357,size_in_bytes,lib/ocaml/compiler-libs/flambda2_terms__Inlining_state.cmi,9007
2026-02-06T15:02:15Z,7e7d5d8c97a8904890a2adfd4ee81cb8faa20ab9,5357,size_in_bytes,lib/ocaml/compiler-libs/vectorize.cmi,10139
2026-02-06T15:02:15Z,7e7d5d8c97a8904890a2adfd4ee81cb8faa20ab9,5357,size_in_bytes,lib/ocaml/compiler-libs/dwarf_low__Dwarf_value.cmi,16965
2026-02-06T15:02:15Z,7e7d5d8c97a8904890a2adfd4ee81cb8faa20ab9,5357,size_in_bytes,lib/ocaml/compiler-libs/stack_class_utils.cmi,22147
2026-02-06T15:02:15Z,7e7d5d8c97a8904890a2adfd4ee81cb8faa20ab9,5357,size_in_bytes,lib/ocaml/compiler-libs/arrayset.cmi,6754
2026-02-06T15:02:15Z,7e7d5d8c97a8904890a2adfd4ee81cb8faa20ab9,5357,size_in_bytes,lib/ocaml/compiler-libs/measure_object_files.cmi,3148
2026-02-06T15:02:15Z,7e7d5d8c97a8904890a2adfd4ee81cb8faa20ab9,5357,size_in_bytes,lib/ocaml/compiler-libs/flambda2_simplify__Simplify_import.cmi,12626
2026-02-06T15:02:15Z,7e7d5d8c97a8904890a2adfd4ee81cb8faa20ab9,5357,size_in_bytes,lib/ocaml/compiler-libs/topmain.cmi,448
2026-02-06T15:02:15Z,7e7d5d8c97a8904890a2adfd4ee81cb8faa20ab9,5357,size_in_bytes,lib/ocaml/compiler-libs/flambda2_numbers__Targetint_32_64.cmi,115150
2026-02-06T15:02:15Z,7e7d5d8c97a8904890a2adfd4ee81cb8faa20ab9,5357,size_in_bytes,lib/ocaml/compiler-libs/flambda2_simplify__Simplify_extcall.cmi,11740
2026-02-06T15:02:15Z,7e7d5d8c97a8904890a2adfd4ee81cb8faa20ab9,5357,size_in_bytes,lib/ocaml/compiler-libs/flambda2_identifiers__Code_id.cmi,8232
2026-02-06T15:02:15Z,7e7d5d8c97a8904890a2adfd4ee81cb8faa20ab9,5357,size_in_bytes,lib/ocaml/compiler-libs/flambda2_simplify__Reification.cmi,11420
2026-02-06T15:02:15Z,7e7d5d8c97a8904890a2adfd4ee81cb8faa20ab9,5357,size_in_bytes,lib/ocaml/compiler-libs/flambda2_terms__Code0.cmi,23893
2026-02-06T15:02:15Z,7e7d5d8c97a8904890a2adfd4ee81cb8faa20ab9,5357,size_in_bytes,lib/ocaml/compiler-libs/translobj.cmi,5832
2026-02-06T15:02:15Z,7e7d5d8c97a8904890a2adfd4ee81cb8faa20ab9,5357,size_in_bytes,lib/ocaml/compiler-libs/dwarf_low__Dwarf_attribute_values.cmi,19081
2026-02-06T15:02:15Z,7e7d5d8c97a8904890a2adfd4ee81cb8faa20ab9,5357,size_in_bytes,lib/ocaml/compiler-libs/compute_ranges.cmi,15583
2026-02-06T15:02:15Z,7e7d5d8c97a8904890a2adfd4ee81cb8faa20ab9,5357,size_in_bytes,lib/ocaml/compiler-libs/flambda2_simplify__Simplify_common.cmi,19755
2026-02-06T15:02:15Z,7e7d5d8c97a8904890a2adfd4ee81cb8faa20ab9,5357,size_in_bytes,lib/ocaml/compiler-libs/x86_binary_emitter.cmi,35060
2026-02-06T15:02:15Z,7e7d5d8c97a8904890a2adfd4ee81cb8faa20ab9,5357,size_in_bytes,lib/ocaml/compiler-libs/flambda2_simplify__Flow_analysis.cmi,9356
2026-02-06T15:02:15Z,7e7d5d8c97a8904890a2adfd4ee81cb8faa20ab9,5357,size_in_bytes,lib/ocaml/compiler-libs/linkenv.cmi,17184
2026-02-06T15:02:15Z,7e7d5d8c97a8904890a2adfd4ee81cb8faa20ab9,5357,size_in_bytes,lib/ocaml/compiler-libs/flambda2_types__Reify.cmi,11860
2026-02-06T15:02:15Z,7e7d5d8c97a8904890a2adfd4ee81cb8faa20ab9,5357,size_in_bytes,lib/ocaml/compiler-libs/flambda2_ui.cmi,467
2026-02-06T15:02:15Z,7e7d5d8c97a8904890a2adfd4ee81cb8faa20ab9,5357,size_in_bytes,lib/ocaml/compiler-libs/flambda2_simplify__Inlining_transforms.cmi,11294
2026-02-06T15:02:15Z,7e7d5d8c97a8904890a2adfd4ee81cb8faa20ab9,5357,size_in_bytes,lib/ocaml/compiler-libs/amd64_simd_defs.cmi,11478
2026-02-06T15:02:15Z,7e7d5d8c97a8904890a2adfd4ee81cb8faa20ab9,5357,size_in_bytes,lib/ocaml/compiler-libs/flambda2_terms__Regalloc_param_attribute.cmi,7644
2026-02-06T15:02:15Z,7e7d5d8c97a8904890a2adfd4ee81cb8faa20ab9,5357,size_in_bytes,lib/ocaml/compiler-libs/simplify_terminator.cmi,10238
2026-02-06T15:02:15Z,7e7d5d8c97a8904890a2adfd4ee81cb8faa20ab9,5357,size_in_bytes,lib/ocaml/compiler-libs/cfg_to_linear.cmi,10063
2026-02-06T15:02:15Z,7e7d5d8c97a8904890a2adfd4ee81cb8faa20ab9,5357,size_in_bytes,lib/ocaml/compiler-libs/strongly_connected_components.cmi,9489
2026-02-06T15:02:15Z,7e7d5d8c97a8904890a2adfd4ee81cb8faa20ab9,5357,size_in_bytes,lib/ocaml/compiler-libs/internal_assembler.cmi,2294
2026-02-06T15:02:15Z,7e7d5d8c97a8904890a2adfd4ee81cb8faa20ab9,5357,size_in_bytes,lib/ocaml/compiler-libs/regalloc_irc.cmi,10493
2026-02-06T15:02:15Z,7e7d5d8c97a8904890a2adfd4ee81cb8faa20ab9,5357,size_in_bytes,lib/ocaml/compiler-libs/generic_fns.cmi,27017
2026-02-06T15:02:15Z,7e7d5d8c97a8904890a2adfd4ee81cb8faa20ab9,5357,size_in_bytes,lib/ocaml/compiler-libs/flambda2_simplify__Continuation_uses_env.cmi,14492
2026-02-06T15:02:15Z,7e7d5d8c97a8904890a2adfd4ee81cb8faa20ab9,5357,size_in_bytes,lib/ocaml/compiler-libs/ast_invariants.cmi,1221
2026-02-06T15:02:15Z,7e7d5d8c97a8904890a2adfd4ee81cb8faa20ab9,5357,size_in_bytes,lib/ocaml/compiler-libs/igot.cmi,4141
2026-02-06T15:02:15Z,7e7d5d8c97a8904890a2adfd4ee81cb8faa20ab9,5357,size_in_bytes,lib/ocaml/compiler-libs/flambda2_terms__Static_const.cmi,73744
2026-02-06T15:02:15Z,7e7d5d8c97a8904890a2adfd4ee81cb8faa20ab9,5357,size_in_bytes,lib/ocaml/compiler-libs/optmaindriver.cmi,10112
2026-02-06T15:02:15Z,7e7d5d8c97a8904890a2adfd4ee81cb8faa20ab9,5357,size_in_bytes,lib/ocaml/compiler-libs/regalloc_validate.cmi,11796
2026-02-06T15:02:15Z,7e7d5d8c97a8904890a2adfd4ee81cb8faa20ab9,5357,size_in_bytes,lib/ocaml/compiler-libs/vicuna_traverse_typed_tree.cmi,2686
2026-02-06T15:02:15Z,7e7d5d8c97a8904890a2adfd4ee81cb8faa20ab9,5357,size_in_bytes,lib/ocaml/compiler-libs/flambda2_terms__Code_size.cmi,11171
2026-02-06T15:02:15Z,7e7d5d8c97a8904890a2adfd4ee81cb8faa20ab9,5357,size_in_bytes,lib/ocaml/compiler-libs/cmm.cmi,55971
2026-02-06T15:02:15Z,7e7d5d8c97a8904890a2adfd4ee81cb8faa20ab9,5357,size_in_bytes,lib/ocaml/compiler-libs/dwarf_low__Location_or_range_list_table.cmi,4648
2026-02-06T15:02:15Z,7e7d5d8c97a8904890a2adfd4ee81cb8faa20ab9,5357,size_in_bytes,lib/ocaml/compiler-libs/flambda2_ui__Flambda_colours.cmi,5549
2026-02-06T15:02:15Z,7e7d5d8c97a8904890a2adfd4ee81cb8faa20ab9,5357,size_in_bytes,lib/ocaml/compiler-libs/dwarf_variables_and_parameters.cmi,12731
2026-02-06T15:02:15Z,7e7d5d8c97a8904890a2adfd4ee81cb8faa20ab9,5357,size_in_bytes,lib/ocaml/compiler-libs/flambda2_term_basics__Simple.cmi,175754
2026-02-06T15:02:15Z,7e7d5d8c97a8904890a2adfd4ee81cb8faa20ab9,5357,size_in_bytes,lib/ocaml/compiler-libs/flambda2_simplify__Simplify_static_const.cmi,11681
2026-02-06T15:02:15Z,7e7d5d8c97a8904890a2adfd4ee81cb8faa20ab9,5357,size_in_bytes,lib/ocaml/compiler-libs/oxcaml_utils__Doubly_linked_list.cmi,20246
2026-02-06T15:02:15Z,7e7d5d8c97a8904890a2adfd4ee81cb8faa20ab9,5357,size_in_bytes,lib/ocaml/compiler-libs/regalloc_stack_slots.cmi,13112
2026-02-06T15:02:15Z,7e7d5d8c97a8904890a2adfd4ee81cb8faa20ab9,5357,size_in_bytes,lib/ocaml/compiler-libs/dwarf_low__Dwarf_format.cmi,1025
2026-02-06T15:02:15Z,7e7d5d8c97a8904890a2adfd4ee81cb8faa20ab9,5357,size_in_bytes,lib/ocaml/compiler-libs/topdirs.cmi,4102
2026-02-06T15:02:15Z,7e7d5d8c97a8904890a2adfd4ee81cb8faa20ab9,5357,size_in_bytes,lib/ocaml/compiler-libs/regalloc_irc_state.cmi,34970
2026-02-06T15:02:15Z,7e7d5d8c97a8904890a2adfd4ee81cb8faa20ab9,5357,size_in_bytes,lib/ocaml/compiler-libs/flambda2_simplify__Are_lifting_conts.cmi,11187
2026-02-06T15:02:15Z,7e7d5d8c97a8904890a2adfd4ee81cb8faa20ab9,5357,size_in_bytes,lib/ocaml/compiler-libs/flambda2_datalog__Value.cmi,2497
2026-02-06T15:02:15Z,7e7d5d8c97a8904890a2adfd4ee81cb8faa20ab9,5357,size_in_bytes,lib/ocaml/compiler-libs/cfg_polling.cmi,10779
2026-02-06T15:02:15Z,7e7d5d8c97a8904890a2adfd4ee81cb8faa20ab9,5357,size_in_bytes,lib/ocaml/compiler-libs/regalloc_utils.cmi,133132
2026-02-06T15:02:15Z,7e7d5d8c97a8904890a2adfd4ee81cb8faa20ab9,5357,size_in_bytes,lib/ocaml/compiler-libs/dwarf_low__Dwarf_4_location_list_entry.cmi,3709
2026-02-06T15:02:15Z,7e7d5d8c97a8904890a2adfd4ee81cb8faa20ab9,5357,size_in_bytes,lib/ocaml/compiler-libs/peephole_utils.cmi,13937
2026-02-06T15:02:15Z,7e7d5d8c97a8904890a2adfd4ee81cb8faa20ab9,5357,size_in_bytes,lib/ocaml/compiler-libs/flambda2_terms__Exn_continuation.cmi,59952
2026-02-06T15:02:15Z,7e7d5d8c97a8904890a2adfd4ee81cb8faa20ab9,5357,size_in_bytes,lib/ocaml/compiler-libs/dwarf_low__Encoding_attribute.cmi,2188
2026-02-06T15:02:15Z,7e7d5d8c97a8904890a2adfd4ee81cb8faa20ab9,5357,size_in_bytes,lib/ocaml/compiler-libs/mode.cmi,329093
2026-02-06T15:02:15Z,7e7d5d8c97a8904890a2adfd4ee81cb8faa20ab9,5357,size_in_bytes,lib/ocaml/compiler-libs/attr_helper.cmi,2094
2026-02-06T15:02:15Z,7e7d5d8c97a8904890a2adfd4ee81cb8faa20ab9,5357,size_in_bytes,lib/ocaml/compiler-libs/dwarf_high__Dwarf_world.cmi,4388
2026-02-06T15:02:15Z,7e7d5d8c97a8904890a2adfd4ee81cb8faa20ab9,5357,size_in_bytes,lib/ocaml/compiler-libs/dwarf_low__Single_location_description.cmi,2610
2026-02-06T15:02:15Z,7e7d5d8c97a8904890a2adfd4ee81cb8faa20ab9,5357,size_in_bytes,lib/ocaml/compiler-libs/flambda2_simplify__One_recursive_handler.cmi,10089
2026-02-06T15:02:15Z,7e7d5d8c97a8904890a2adfd4ee81cb8faa20ab9,5357,size_in_bytes,lib/ocaml/compiler-libs/flambda2_terms__Poll_attribute.cmi,7614
2026-02-06T15:02:15Z,7e7d5d8c97a8904890a2adfd4ee81cb8faa20ab9,5357,size_in_bytes,lib/ocaml/compiler-libs/mixed_product_bytes.cmi,7591
2026-02-06T15:02:15Z,7e7d5d8c97a8904890a2adfd4ee81cb8faa20ab9,5357,size_in_bytes,lib/ocaml/compiler-libs/reg_with_debug_info.cmi,50555
2026-02-06T15:02:15Z,7e7d5d8c97a8904890a2adfd4ee81cb8faa20ab9,5357,size_in_bytes,lib/ocaml/compiler-libs/flambda2_nominal__Name_abstraction.cmi,13444
2026-02-06T15:02:15Z,7e7d5d8c97a8904890a2adfd4ee81cb8faa20ab9,5357,size_in_bytes,lib/ocaml/compiler-libs/dwarf_high__Dwarf_attribute_helpers.cmi,23193
2026-02-06T15:02:15Z,7e7d5d8c97a8904890a2adfd4ee81cb8faa20ab9,5357,size_in_bytes,lib/ocaml/compiler-libs/oxcaml_utils.cmi,556
2026-02-06T15:02:15Z,7e7d5d8c97a8904890a2adfd4ee81cb8faa20ab9,5357,size_in_bytes,lib/ocaml/compiler-libs/import_info.cmi,8045
2026-02-06T15:02:15Z,7e7d5d8c97a8904890a2adfd4ee81cb8faa20ab9,5357,size_in_bytes,lib/ocaml/compiler-libs/value_rec_types.cmi,499
2026-02-06T15:02:15Z,7e7d5d8c97a8904890a2adfd4ee81cb8faa20ab9,5357,size_in_bytes,lib/ocaml/compiler-libs/flambda2_terms__Cost_metrics.cmi,11836
2026-02-06T15:02:15Z,7e7d5d8c97a8904890a2adfd4ee81cb8faa20ab9,5357,size_in_bytes,lib/ocaml/compiler-libs/byteinstantiator.cmi,1833
2026-02-06T15:02:15Z,7e7d5d8c97a8904890a2adfd4ee81cb8faa20ab9,5357,size_in_bytes,lib/ocaml/compiler-libs/location.cmi,29875
2026-02-06T15:02:15Z,7e7d5d8c97a8904890a2adfd4ee81cb8faa20ab9,5357,size_in_bytes,lib/ocaml/compiler-libs/jkind.cmi,122506
2026-02-06T15:02:15Z,7e7d5d8c97a8904890a2adfd4ee81cb8faa20ab9,5357,size_in_bytes,lib/ocaml/compiler-libs/flambda2_term_basics__Value_slot_set.cmi,54916
2026-02-06T15:02:15Z,7e7d5d8c97a8904890a2adfd4ee81cb8faa20ab9,5357,size_in_bytes,lib/ocaml/compiler-libs/regalloc_stack_operands.cmi,10999
2026-02-06T15:02:15Z,7e7d5d8c97a8904890a2adfd4ee81cb8faa20ab9,5357,size_in_bytes,lib/ocaml/compiler-libs/flambda2_to_jsir__To_jsir_result.cmi,7906
2026-02-06T15:02:15Z,7e7d5d8c97a8904890a2adfd4ee81cb8faa20ab9,5357,size_in_bytes,lib/ocaml/compiler-libs/flambda2_simplify_shared__Are_rebuilding_terms.cmi,2049
2026-02-06T15:02:15Z,7e7d5d8c97a8904890a2adfd4ee81cb8faa20ab9,5357,size_in_bytes,lib/ocaml/compiler-libs/dwarf_low__Child_determination.cmi,2139
2026-02-06T15:02:15Z,7e7d5d8c97a8904890a2adfd4ee81cb8faa20ab9,5357,size_in_bytes,lib/ocaml/compiler-libs/extra_debug.cmi,10019
2026-02-06T15:02:15Z,7e7d5d8c97a8904890a2adfd4ee81cb8faa20ab9,5357,size_in_bytes,lib/ocaml/compiler-libs/flambda2_terms__Zero_alloc_attribute.cmi,8102
2026-02-06T15:02:15Z,7e7d5d8c97a8904890a2adfd4ee81cb8faa20ab9,5357,size_in_bytes,lib/ocaml/compiler-libs/flambda2_to_jsir__To_jsir_static_const.cmi,11941
2026-02-06T15:02:15Z,7e7d5d8c97a8904890a2adfd4ee81cb8faa20ab9,5357,size_in_bytes,lib/ocaml/compiler-libs/path.cmi,38422
2026-02-06T15:02:15Z,7e7d5d8c97a8904890a2adfd4ee81cb8faa20ab9,5357,size_in_bytes,lib/ocaml/compiler-libs/dwarf_low__Location_list.cmi,3147
2026-02-06T15:02:15Z,7e7d5d8c97a8904890a2adfd4ee81cb8faa20ab9,5357,size_in_bytes,lib/ocaml/compiler-libs/flambda2_simplify__Unboxing_epa.cmi,10733
2026-02-06T15:02:15Z,7e7d5d8c97a8904890a2adfd4ee81cb8faa20ab9,5357,size_in_bytes,lib/ocaml/compiler-libs/value_rec_compiler.cmi,3066
2026-02-06T15:02:15Z,7e7d5d8c97a8904890a2adfd4ee81cb8faa20ab9,5357,size_in_bytes,lib/ocaml/compiler-libs/dwarf_concrete_instances.cmi,12557
2026-02-06T15:02:15Z,7e7d5d8c97a8904890a2adfd4ee81cb8faa20ab9,5357,size_in_bytes,lib/ocaml/compiler-libs/types.cmi,194225
2026-02-06T15:02:15Z,7e7d5d8c97a8904890a2adfd4ee81cb8faa20ab9,5357,size_in_bytes,lib/ocaml/compiler-libs/flambda2_types__Binding_time.cmi,55477
2026-02-06T15:02:15Z,7e7d5d8c97a8904890a2adfd4ee81cb8faa20ab9,5357,size_in_bytes,lib/ocaml/compiler-libs/flambda2_parser__Fexpr.cmi,39250
2026-02-06T15:02:15Z,7e7d5d8c97a8904890a2adfd4ee81cb8faa20ab9,5357,size_in_bytes,lib/ocaml/compiler-libs/flambda2_simplify.cmi,12729
2026-02-06T15:02:15Z,7e7d5d8c97a8904890a2adfd4ee81cb8faa20ab9,5357,size_in_bytes,lib/ocaml/compiler-libs/cmm_peephole_engine.cmi,15302
2026-02-06T15:02:15Z,7e7d5d8c97a8904890a2adfd4ee81cb8faa20ab9,5357,size_in_bytes,lib/ocaml/compiler-libs/string_table.cmi,1694
2026-02-06T15:02:15Z,7e7d5d8c97a8904890a2adfd4ee81cb8faa20ab9,5357,size_in_bytes,lib/ocaml/compiler-libs/flambda2_simplify__Mutable_unboxing.cmi,9230
2026-02-06T15:02:15Z,7e7d5d8c97a8904890a2adfd4ee81cb8faa20ab9,5357,size_in_bytes,lib/ocaml/compiler-libs/binutils.cmi,2040
2026-02-06T15:02:15Z,7e7d5d8c97a8904890a2adfd4ee81cb8faa20ab9,5357,size_in_bytes,lib/ocaml/compiler-libs/dwarf_high__Proto_die.cmi,7849
2026-02-06T15:02:15Z,7e7d5d8c97a8904890a2adfd4ee81cb8faa20ab9,5357,size_in_bytes,lib/ocaml/compiler-libs/flambda2_lattices.cmi,644
2026-02-06T15:02:15Z,7e7d5d8c97a8904890a2adfd4ee81cb8faa20ab9,5357,size_in_bytes,lib/ocaml/compiler-libs/flambda2_simplify__Is_unboxing_beneficial.cmi,8956
2026-02-06T15:02:15Z,7e7d5d8c97a8904890a2adfd4ee81cb8faa20ab9,5357,size_in_bytes,lib/ocaml/compiler-libs/terminfo.cmi,1869
2026-02-06T15:02:15Z,7e7d5d8c97a8904890a2adfd4ee81cb8faa20ab9,5357,size_in_bytes,lib/ocaml/compiler-libs/cmt2annot.cmi,2935
2026-02-06T15:02:15Z,7e7d5d8c97a8904890a2adfd4ee81cb8faa20ab9,5357,size_in_bytes,lib/ocaml/compiler-libs/flambda2_datalog__Trie.cmi,11403
2026-02-06T15:02:15Z,7e7d5d8c97a8904890a2adfd4ee81cb8faa20ab9,5357,size_in_bytes,lib/ocaml/compiler-libs/translclass.cmi,3977
2026-02-06T15:02:15Z,7e7d5d8c97a8904890a2adfd4ee81cb8faa20ab9,5357,size_in_bytes,lib/ocaml/compiler-libs/asm_targets__Asm_directives_dwarf.cmi,701
2026-02-06T15:02:15Z,7e7d5d8c97a8904890a2adfd4ee81cb8faa20ab9,5357,size_in_bytes,lib/ocaml/compiler-libs/printoperation.cmi,10303
2026-02-06T15:02:15Z,7e7d5d8c97a8904890a2adfd4ee81cb8faa20ab9,5357,size_in_bytes,lib/ocaml/compiler-libs/flambda2_kinds__Flambda_kind.cmi,338275
2026-02-06T15:02:15Z,7e7d5d8c97a8904890a2adfd4ee81cb8faa20ab9,5357,size_in_bytes,lib/ocaml/compiler-libs/genprintval.cmi,14275
2026-02-06T15:02:15Z,7e7d5d8c97a8904890a2adfd4ee81cb8faa20ab9,5357,size_in_bytes,lib/ocaml/compiler-libs/is_parameter.cmi,51803
2026-02-06T15:02:15Z,7e7d5d8c97a8904890a2adfd4ee81cb8faa20ab9,5357,size_in_bytes,lib/ocaml/compiler-libs/emitcode.cmi,5173
2026-02-06T15:02:15Z,7e7d5d8c97a8904890a2adfd4ee81cb8faa20ab9,5357,size_in_bytes,lib/ocaml/compiler-libs/dwarf_low__Simple_location_description.cmi,2018
2026-02-06T15:02:15Z,7e7d5d8c97a8904890a2adfd4ee81cb8faa20ab9,5357,size_in_bytes,lib/ocaml/compiler-libs/select_utils.cmi,39094
2026-02-06T15:02:15Z,7e7d5d8c97a8904890a2adfd4ee81cb8faa20ab9,5357,size_in_bytes,lib/ocaml/compiler-libs/flambda2_identifiers__Code_id_or_symbol.cmi,7300
2026-02-06T15:02:15Z,7e7d5d8c97a8904890a2adfd4ee81cb8faa20ab9,5357,size_in_bytes,lib/ocaml/compiler-libs/linker_script.cmi,1222
2026-02-06T15:02:15Z,7e7d5d8c97a8904890a2adfd4ee81cb8faa20ab9,5357,size_in_bytes,lib/ocaml/compiler-libs/dwarf_low.cmi,6193
2026-02-06T15:02:15Z,7e7d5d8c97a8904890a2adfd4ee81cb8faa20ab9,5357,size_in_bytes,lib/ocaml/compiler-libs/linear.cmi,18095
2026-02-06T15:02:15Z,7e7d5d8c97a8904890a2adfd4ee81cb8faa20ab9,5357,size_in_bytes,lib/ocaml/compiler-libs/flambda2_types__More_type_creators.cmi,27906
2026-02-06T15:02:15Z,7e7d5d8c97a8904890a2adfd4ee81cb8faa20ab9,5357,size_in_bytes,lib/ocaml/compiler-libs/flambda2_to_jsir.cmi,1226
2026-02-06T15:02:15Z,7e7d5d8c97a8904890a2adfd4ee81cb8faa20ab9,5357,size_in_bytes,lib/ocaml/compiler-libs/complex_shape.cmi,6520
2026-02-06T15:02:15Z,7e7d5d8c97a8904890a2adfd4ee81cb8faa20ab9,5357,size_in_bytes,lib/ocaml/compiler-libs/translprim.cmi,8864
2026-02-06T15:02:15Z,7e7d5d8c97a8904890a2adfd4ee81cb8faa20ab9,5357,size_in_bytes,lib/ocaml/compiler-libs/parser.cmi,98022
2026-02-06T15:02:15Z,7e7d5d8c97a8904890a2adfd4ee81cb8faa20ab9,5357,size_in_bytes,lib/ocaml/compiler-libs/dwarf_type.cmi,5918
2026-02-06T15:02:15Z,7e7d5d8c97a8904890a2adfd4ee81cb8faa20ab9,5357,size_in_bytes,lib/ocaml/compiler-libs/vicuna_value_shapes.cmi,3401
2026-02-06T15:02:15Z,7e7d5d8c97a8904890a2adfd4ee81cb8faa20ab9,5357,size_in_bytes,lib/ocaml/compiler-libs/consistbl.cmi,47581
2026-02-06T15:02:15Z,7e7d5d8c97a8904890a2adfd4ee81cb8faa20ab9,5357,size_in_bytes,lib/ocaml/compiler-libs/flambda2_simplify__One_continuation_use.cmi,11573
2026-02-06T15:02:15Z,7e7d5d8c97a8904890a2adfd4ee81cb8faa20ab9,5357,size_in_bytes,lib/ocaml/compiler-libs/cfg_available_regs.cmi,10057
2026-02-06T15:02:15Z,7e7d5d8c97a8904890a2adfd4ee81cb8faa20ab9,5357,size_in_bytes,lib/ocaml/compiler-libs/cfg_stack_checks.cmi,10053
2026-02-06T15:02:15Z,7e7d5d8c97a8904890a2adfd4ee81cb8faa20ab9,5357,size_in_bytes,lib/ocaml/compiler-libs/flambda2_simplify__Number_adjuncts.cmi,359079
2026-02-06T15:02:15Z,7e7d5d8c97a8904890a2adfd4ee81cb8faa20ab9,5357,size_in_bytes,lib/ocaml/compiler-libs/dwarf_low__Location_list_table.cmi,4197
2026-02-06T15:02:15Z,7e7d5d8c97a8904890a2adfd4ee81cb8faa20ab9,5357,size_in_bytes,lib/ocaml/compiler-libs/dwarf_low__Dwarf_4_location_list.cmi,2985
2026-02-06T15:02:15Z,7e7d5d8c97a8904890a2adfd4ee81cb8faa20ab9,5357,size_in_bytes,lib/ocaml/compiler-libs/cmj_format.cmi,1676
2026-02-06T15:02:15Z,7e7d5d8c97a8904890a2adfd4ee81cb8faa20ab9,5357,size_in_bytes,lib/ocaml/compiler-libs/unit_info.cmi,12601
2026-02-06T15:02:15Z,7e7d5d8c97a8904890a2adfd4ee81cb8faa20ab9,5357,size_in_bytes,lib/ocaml/compiler-libs/flambda2_terms__Loopify_attribute.cmi,7612
2026-02-06T15:02:15Z,7e7d5d8c97a8904890a2adfd4ee81cb8faa20ab9,5357,size_in_bytes,lib/ocaml/compiler-libs/flambda2_term_basics__Empty_array_kind.cmi,5255
2026-02-06T15:02:15Z,7e7d5d8c97a8904890a2adfd4ee81cb8faa20ab9,5357,size_in_bytes,lib/ocaml/compiler-libs/switch.cmi,12350
2026-02-06T15:02:15Z,7e7d5d8c97a8904890a2adfd4ee81cb8faa20ab9,5357,size_in_bytes,lib/ocaml/compiler-libs/label.cmi,53238
2026-02-06T15:02:15Z,7e7d5d8c97a8904890a2adfd4ee81cb8faa20ab9,5357,size_in_bytes,lib/ocaml/compiler-libs/flambda2_datalog__Datalog_imports.cmi,4585
2026-02-06T15:02:15Z,7e7d5d8c97a8904890a2adfd4ee81cb8faa20ab9,5357,size_in_bytes,lib/ocaml/compiler-libs/flambda2_identifiers__Slot.cmi,73755
2026-02-06T15:02:15Z,7e7d5d8c97a8904890a2adfd4ee81cb8faa20ab9,5357,size_in_bytes,lib/ocaml/compiler-libs/fdo_info.cmi,2860
2026-02-06T15:02:15Z,7e7d5d8c97a8904890a2adfd4ee81cb8faa20ab9,5357,size_in_bytes,lib/ocaml/compiler-libs/inlined_frame_ranges.cmi,78384
2026-02-06T15:02:15Z,7e7d5d8c97a8904890a2adfd4ee81cb8faa20ab9,5357,size_in_bytes,lib/ocaml/compiler-libs/rewrite_sections.cmi,1677
2026-02-06T15:02:15Z,7e7d5d8c97a8904890a2adfd4ee81cb8faa20ab9,5357,size_in_bytes,lib/ocaml/compiler-libs/flambda2_types__Aliases.cmi,13965
2026-02-06T15:02:15Z,7e7d5d8c97a8904890a2adfd4ee81cb8faa20ab9,5357,size_in_bytes,lib/ocaml/compiler-libs/flambda2_terms__Flambda_primitive.cmi,169417
2026-02-06T15:02:15Z,7e7d5d8c97a8904890a2adfd4ee81cb8faa20ab9,5357,size_in_bytes,lib/ocaml/compiler-libs/flambda2_to_cmm__To_cmm_env.cmi,33991
2026-02-06T15:02:15Z,7e7d5d8c97a8904890a2adfd4ee81cb8faa20ab9,5357,size_in_bytes,lib/ocaml/compiler-libs/flambda2.cmi,11576
2026-02-06T15:02:15Z,7e7d5d8c97a8904890a2adfd4ee81cb8faa20ab9,5357,size_in_bytes,lib/ocaml/compiler-libs/dwarf_low__Aranges_table.cmi,2346
2026-02-06T15:02:15Z,7e7d5d8c97a8904890a2adfd4ee81cb8faa20ab9,5357,size_in_bytes,lib/ocaml/compiler-libs/docstrings.cmi,15772
2026-02-06T15:02:15Z,7e7d5d8c97a8904890a2adfd4ee81cb8faa20ab9,5357,size_in_bytes,lib/ocaml/compiler-libs/flambda2_terms__Flambda_unit.cmi,11749
2026-02-06T15:02:15Z,7e7d5d8c97a8904890a2adfd4ee81cb8faa20ab9,5357,size_in_bytes,lib/ocaml/compiler-libs/flambda2_to_cmm__To_cmm_result.cmi,14759
2026-02-06T15:02:15Z,7e7d5d8c97a8904890a2adfd4ee81cb8faa20ab9,5357,size_in_bytes,lib/ocaml/compiler-libs/opterrors.cmi,781
2026-02-06T15:02:15Z,7e7d5d8c97a8904890a2adfd4ee81cb8faa20ab9,5357,size_in_bytes,lib/ocaml/compiler-libs/cmt_format.cmi,12006
2026-02-06T15:02:15Z,7e7d5d8c97a8904890a2adfd4ee81cb8faa20ab9,5357,size_in_bytes,lib/ocaml/compiler-libs/dwarf_flags.cmi,8068
2026-02-06T15:02:15Z,7e7d5d8c97a8904890a2adfd4ee81cb8faa20ab9,5357,size_in_bytes,lib/ocaml/compiler-libs/slambdaeval.cmi,2790
2026-02-06T15:02:15Z,7e7d5d8c97a8904890a2adfd4ee81cb8faa20ab9,5357,size_in_bytes,lib/ocaml/compiler-libs/flambda2_simplify__Flow.cmi,19263
2026-02-06T15:02:15Z,7e7d5d8c97a8904890a2adfd4ee81cb8faa20ab9,5357,size_in_bytes,lib/ocaml/compiler-libs/flambda2_numbers__Vector_types.cmi,169410
2026-02-06T15:02:15Z,7e7d5d8c97a8904890a2adfd4ee81cb8faa20ab9,5357,size_in_bytes,lib/ocaml/compiler-libs/flambda2_bound_identifiers.cmi,1727
2026-02-06T15:02:15Z,7e7d5d8c97a8904890a2adfd4ee81cb8faa20ab9,5357,size_in_bytes,lib/ocaml/compiler-libs/flambda2_term_basics__Tag_and_size.cmi,52757
2026-02-06T15:02:15Z,7e7d5d8c97a8904890a2adfd4ee81cb8faa20ab9,5357,size_in_bytes,lib/ocaml/compiler-libs/flambda2_numbers__Target_ocaml_int.cmi,117315
2026-02-06T15:02:15Z,7e7d5d8c97a8904890a2adfd4ee81cb8faa20ab9,5357,size_in_bytes,lib/ocaml/compiler-libs/flambda2_parser__Flambda_parser_messages.cmi,963
2026-02-06T15:02:15Z,7e7d5d8c97a8904890a2adfd4ee81cb8faa20ab9,5357,size_in_bytes,lib/ocaml/compiler-libs/flambda2_identifiers__Int_ids.cmi,544569
2026-02-06T15:02:15Z,7e7d5d8c97a8904890a2adfd4ee81cb8faa20ab9,5357,size_in_bytes,lib/ocaml/compiler-libs/flambda2_datalog__.cmi,1686
2026-02-06T15:02:15Z,7e7d5d8c97a8904890a2adfd4ee81cb8faa20ab9,5357,size_in_bytes,lib/ocaml/compiler-libs/flambda2_terms__Switch_expr.cmi,10309
2026-02-06T15:02:15Z,7e7d5d8c97a8904890a2adfd4ee81cb8faa20ab9,5357,size_in_bytes,lib/ocaml/compiler-libs/printast.cmi,4694
2026-02-06T15:02:15Z,7e7d5d8c97a8904890a2adfd4ee81cb8faa20ab9,5357,size_in_bytes,lib/ocaml/compiler-libs/flambda2_types__Join_levels_old.cmi,7563
2026-02-06T15:02:15Z,7e7d5d8c97a8904890a2adfd4ee81cb8faa20ab9,5357,size_in_bytes,lib/ocaml/compiler-libs/zero_alloc_checker.cmi,15103
2026-02-06T15:02:15Z,7e7d5d8c97a8904890a2adfd4ee81cb8faa20ab9,5357,size_in_bytes,lib/ocaml/compiler-libs/flambda2_reaper__Rebuilt_expr.cmi,12461
2026-02-06T15:02:15Z,7e7d5d8c97a8904890a2adfd4ee81cb8faa20ab9,5357,size_in_bytes,lib/ocaml/compiler-libs/flambda2_simplify__Simplify_quaternary_primitive.cmi,16716
2026-02-06T15:02:15Z,7e7d5d8c97a8904890a2adfd4ee81cb8faa20ab9,5357,size_in_bytes,lib/ocaml/compiler-libs/annot.cmi,1271
2026-02-06T15:02:15Z,7e7d5d8c97a8904890a2adfd4ee81cb8faa20ab9,5357,size_in_bytes,lib/ocaml/compiler-libs/bytesections.cmi,4972
2026-02-06T15:02:15Z,7e7d5d8c97a8904890a2adfd4ee81cb8faa20ab9,5357,size_in_bytes,lib/ocaml/compiler-libs/flambda2_bound_identifiers__Bound_for_function.cmi,9827
2026-02-06T15:02:15Z,7e7d5d8c97a8904890a2adfd4ee81cb8faa20ab9,5357,size_in_bytes,lib/ocaml/compiler-libs/cfg_dominators.cmi,12424
2026-02-06T15:02:15Z,7e7d5d8c97a8904890a2adfd4ee81cb8faa20ab9,5357,size_in_bytes,lib/ocaml/compiler-libs/branch_relaxation_intf.cmi,11695
2026-02-06T15:02:15Z,7e7d5d8c97a8904890a2adfd4ee81cb8faa20ab9,5357,size_in_bytes,lib/ocaml/compiler-libs/flambda2_identifiers__Function_slot.cmi,73254
2026-02-06T15:02:15Z,7e7d5d8c97a8904890a2adfd4ee81cb8faa20ab9,5357,size_in_bytes,lib/ocaml/compiler-libs/parser_types.cmi,2853
2026-02-06T15:02:15Z,7e7d5d8c97a8904890a2adfd4ee81cb8faa20ab9,5357,size_in_bytes,lib/ocaml/compiler-libs/cfg_with_infos.cmi,14456
2026-02-06T15:02:15Z,7e7d5d8c97a8904890a2adfd4ee81cb8faa20ab9,5357,size_in_bytes,lib/ocaml/compiler-libs/printlinear.cmi,11723
2026-02-06T15:02:15Z,7e7d5d8c97a8904890a2adfd4ee81cb8faa20ab9,5357,size_in_bytes,lib/ocaml/compiler-libs/priority_queue.cmi,7514
2026-02-06T15:02:15Z,7e7d5d8c97a8904890a2adfd4ee81cb8faa20ab9,5357,size_in_bytes,lib/ocaml/compiler-libs/toploop.cmi,22466
2026-02-06T15:02:15Z,7e7d5d8c97a8904890a2adfd4ee81cb8faa20ab9,5357,size_in_bytes,lib/ocaml/compiler-libs/flambda2_terms__Inlined_attribute.cmi,9036
2026-02-06T15:02:15Z,7e7d5d8c97a8904890a2adfd4ee81cb8faa20ab9,5357,size_in_bytes,lib/ocaml/compiler-libs/dwarf_low__Location_list_entry.cmi,3332
2026-02-06T15:02:15Z,7e7d5d8c97a8904890a2adfd4ee81cb8faa20ab9,5357,size_in_bytes,lib/ocaml/compiler-libs/compile.cmi,5769
2026-02-06T15:02:15Z,7e7d5d8c97a8904890a2adfd4ee81cb8faa20ab9,5357,size_in_bytes,lib/ocaml/compiler-libs/flambda2_terms__Placement.cmi,7233
2026-02-06T15:02:15Z,7e7d5d8c97a8904890a2adfd4ee81cb8faa20ab9,5357,size_in_bytes,lib/ocaml/compiler-libs/flambda2_simplify__Specialization_cost.cmi,9445
2026-02-06T15:02:15Z,7e7d5d8c97a8904890a2adfd4ee81cb8faa20ab9,5357,size_in_bytes,lib/ocaml/compiler-libs/flambda2_algorithms__Container_types.cmi,128850
2026-02-06T15:02:15Z,7e7d5d8c97a8904890a2adfd4ee81cb8faa20ab9,5357,size_in_bytes,lib/ocaml/compiler-libs/cfg_comballoc.cmi,10040
2026-02-06T15:02:15Z,7e7d5d8c97a8904890a2adfd4ee81cb8faa20ab9,5357,size_in_bytes,lib/ocaml/compiler-libs/flambda2_reaper__Traverse_acc.cmi,30446
2026-02-06T15:02:15Z,7e7d5d8c97a8904890a2adfd4ee81cb8faa20ab9,5357,size_in_bytes,lib/ocaml/compiler-libs/profile.cmi,7825
2026-02-06T15:02:15Z,7e7d5d8c97a8904890a2adfd4ee81cb8faa20ab9,5357,size_in_bytes,lib/ocaml/compiler-libs/patterns.cmi,17592
2026-02-06T15:02:15Z,7e7d5d8c97a8904890a2adfd4ee81cb8faa20ab9,5357,size_in_bytes,lib/ocaml/compiler-libs/dwarf_high.cmi,1026
2026-02-06T15:02:15Z,7e7d5d8c97a8904890a2adfd4ee81cb8faa20ab9,5357,size_in_bytes,lib/ocaml/compiler-libs/printtyped.cmi,3330
2026-02-06T15:02:15Z,7e7d5d8c97a8904890a2adfd4ee81cb8faa20ab9,5357,size_in_bytes,lib/ocaml/compiler-libs/blambda.cmi,15256
2026-02-06T15:02:15Z,7e7d5d8c97a8904890a2adfd4ee81cb8faa20ab9,5357,size_in_bytes,lib/ocaml/compiler-libs/flambda2_simplify__Comparison_result.cmi,7990
2026-02-06T15:02:15Z,7e7d5d8c97a8904890a2adfd4ee81cb8faa20ab9,5357,size_in_bytes,lib/ocaml/compiler-libs/ast_iterator.cmi,17642
2026-02-06T15:02:15Z,7e7d5d8c97a8904890a2adfd4ee81cb8faa20ab9,5357,size_in_bytes,lib/ocaml/compiler-libs/instructionId.cmi,53699
2026-02-06T15:02:15Z,7e7d5d8c97a8904890a2adfd4ee81cb8faa20ab9,5357,size_in_bytes,lib/ocaml/compiler-libs/flambda2_kinds__Tag.cmi,163324
2026-02-06T15:02:15Z,7e7d5d8c97a8904890a2adfd4ee81cb8faa20ab9,5357,size_in_bytes,lib/ocaml/compiler-libs/dwarf_low__Location_or_range_list.cmi,2912
2026-02-06T15:02:15Z,7e7d5d8c97a8904890a2adfd4ee81cb8faa20ab9,5357,size_in_bytes,lib/ocaml/compiler-libs/flambda2_algorithms__Leapfrog.cmi,9405
2026-02-06T15:02:15Z,7e7d5d8c97a8904890a2adfd4ee81cb8faa20ab9,5357,size_in_bytes,lib/ocaml/compiler-libs/flambda2_simplify__Lifted_cont_params.cmi,9270
2026-02-06T15:02:15Z,7e7d5d8c97a8904890a2adfd4ee81cb8faa20ab9,5357,size_in_bytes,lib/ocaml/compiler-libs/cms_format.cmi,7655
2026-02-06T15:02:15Z,7e7d5d8c97a8904890a2adfd4ee81cb8faa20ab9,5357,size_in_bytes,lib/ocaml/compiler-libs/zero_alloc_annotations.cmi,3040
2026-02-06T15:02:15Z,7e7d5d8c97a8904890a2adfd4ee81cb8faa20ab9,5357,size_in_bytes,lib/ocaml/compiler-libs/flambda2_simplify__Dominator_graph.cmi,11622
2026-02-06T15:02:15Z,7e7d5d8c97a8904890a2adfd4ee81cb8faa20ab9,5357,size_in_bytes,lib/ocaml/compiler-libs/flambda2_simplify__Simplify_primitive.cmi,11192
2026-02-06T15:02:15Z,7e7d5d8c97a8904890a2adfd4ee81cb8faa20ab9,5357,size_in_bytes,lib/ocaml/compiler-libs/flambda2_term_basics__Scope.cmi,53984
2026-02-06T15:02:15Z,7e7d5d8c97a8904890a2adfd4ee81cb8faa20ab9,5357,size_in_bytes,lib/ocaml/compiler-libs/cfg_edge.cmi,34347
2026-02-06T15:02:15Z,7e7d5d8c97a8904890a2adfd4ee81cb8faa20ab9,5357,size_in_bytes,lib/ocaml/compiler-libs/dwarf_reg_locations.cmi,9919
2026-02-06T15:02:15Z,7e7d5d8c97a8904890a2adfd4ee81cb8faa20ab9,5357,size_in_bytes,lib/ocaml/compiler-libs/flambda2_cmx__Flambda_cmx.cmi,12698
2026-02-06T15:02:15Z,7e7d5d8c97a8904890a2adfd4ee81cb8faa20ab9,5357,size_in_bytes,lib/ocaml/compiler-libs/flambda2_term_basics__String_info.cmi,53224
2026-02-06T15:02:15Z,7e7d5d8c97a8904890a2adfd4ee81cb8faa20ab9,5357,size_in_bytes,lib/ocaml/compiler-libs/flambda2_simplify__Flow_acc.cmi,18637
2026-02-06T15:02:15Z,7e7d5d8c97a8904890a2adfd4ee81cb8faa20ab9,5357,size_in_bytes,lib/ocaml/compiler-libs/flambda2_types__Typing_env_extension.cmi,15196
2026-02-06T15:02:15Z,7e7d5d8c97a8904890a2adfd4ee81cb8faa20ab9,5357,size_in_bytes,lib/ocaml/compiler-libs/flambda2_parser__Fexpr_prim.cmi,34120
2026-02-06T15:02:15Z,7e7d5d8c97a8904890a2adfd4ee81cb8faa20ab9,5357,size_in_bytes,lib/ocaml/compiler-libs/flambda2_types__.cmi,3644
2026-02-06T15:02:15Z,7e7d5d8c97a8904890a2adfd4ee81cb8faa20ab9,5357,size_in_bytes,lib/ocaml/compiler-libs/solver_intf.cmi,59399
2026-02-06T15:02:15Z,7e7d5d8c97a8904890a2adfd4ee81cb8faa20ab9,5357,size_in_bytes,lib/ocaml/compiler-libs/dwarf_low__Dwarf_4_range_list_entry.cmi,3167
2026-02-06T15:02:15Z,7e7d5d8c97a8904890a2adfd4ee81cb8faa20ab9,5357,size_in_bytes,lib/ocaml/compiler-libs/subst.cmi,33357
2026-02-06T15:02:15Z,7e7d5d8c97a8904890a2adfd4ee81cb8faa20ab9,5357,size_in_bytes,lib/ocaml/compiler-libs/relocation_entry.cmi,2827
2026-02-06T15:02:15Z,7e7d5d8c97a8904890a2adfd4ee81cb8faa20ab9,5357,size_in_bytes,lib/ocaml/compiler-libs/runtime_shape.cmi,28593
2026-02-06T15:02:15Z,7e7d5d8c97a8904890a2adfd4ee81cb8faa20ab9,5357,size_in_bytes,lib/ocaml/compiler-libs/flambda2_terms__Effects_and_coeffects.cmi,8213
2026-02-06T15:02:15Z,7e7d5d8c97a8904890a2adfd4ee81cb8faa20ab9,5357,size_in_bytes,lib/ocaml/compiler-libs/flambda2_identifiers.cmi,2799
2026-02-06T15:02:15Z,7e7d5d8c97a8904890a2adfd4ee81cb8faa20ab9,5357,size_in_bytes,lib/ocaml/compiler-libs/compiler_hooks.cmi,13480
2026-02-06T15:02:15Z,7e7d5d8c97a8904890a2adfd4ee81cb8faa20ab9,5357,size_in_bytes,lib/ocaml/compiler-libs/pparse.cmi,6827
2026-02-06T15:02:15Z,7e7d5d8c97a8904890a2adfd4ee81cb8faa20ab9,5357,size_in_bytes,lib/ocaml/compiler-libs/printtyp.cmi,33887
2026-02-06T15:02:15Z,7e7d5d8c97a8904890a2adfd4ee81cb8faa20ab9,5357,size_in_bytes,lib/ocaml/compiler-libs/flambda2_simplify__Simplify_binary_primitive.cmi,11814
2026-02-06T15:02:15Z,7e7d5d8c97a8904890a2adfd4ee81cb8faa20ab9,5357,size_in_bytes,lib/ocaml/compiler-libs/errortrace.cmi,19736
2026-02-06T15:02:15Z,7e7d5d8c97a8904890a2adfd4ee81cb8faa20ab9,5357,size_in_bytes,lib/ocaml/compiler-libs/flambda2_parser__Print_fexpr.cmi,8246
2026-02-06T15:02:15Z,7e7d5d8c97a8904890a2adfd4ee81cb8faa20ab9,5357,size_in_bytes,lib/ocaml/compiler-libs/compile_common.cmi,9032
2026-02-06T15:02:15Z,7e7d5d8c97a8904890a2adfd4ee81cb8faa20ab9,5357,size_in_bytes,lib/ocaml/compiler-libs/builtin_attributes.cmi,20660
2026-02-06T15:02:15Z,7e7d5d8c97a8904890a2adfd4ee81cb8faa20ab9,5357,size_in_bytes,lib/ocaml/compiler-libs/flambda2_to_jsir__To_jsir_env.cmi,20604
2026-02-06T15:02:15Z,7e7d5d8c97a8904890a2adfd4ee81cb8faa20ab9,5357,size_in_bytes,lib/ocaml/compiler-libs/flambda2_types__Provers.cmi,37989
2026-02-06T15:02:15Z,7e7d5d8c97a8904890a2adfd4ee81cb8faa20ab9,5357,size_in_bytes,lib/ocaml/compiler-libs/flambda2_lattices__Or_bottom.cmi,4900
2026-02-06T15:02:15Z,7e7d5d8c97a8904890a2adfd4ee81cb8faa20ab9,5357,size_in_bytes,lib/ocaml/compiler-libs/asmgen.cmi,14399
2026-02-06T15:02:15Z,7e7d5d8c97a8904890a2adfd4ee81cb8faa20ab9,5357,size_in_bytes,lib/ocaml/compiler-libs/flambda2_bound_identifiers__Bound_var.cmi,8375
2026-02-06T15:02:15Z,7e7d5d8c97a8904890a2adfd4ee81cb8faa20ab9,5357,size_in_bytes,lib/ocaml/compiler-libs/flambda2_kinds__Flambda_arity.cmi,10876
2026-02-06T15:02:15Z,7e7d5d8c97a8904890a2adfd4ee81cb8faa20ab9,5357,size_in_bytes,lib/ocaml/compiler-libs/flambda2_cmx__Exported_code.cmi,14991
2026-02-06T15:02:15Z,7e7d5d8c97a8904890a2adfd4ee81cb8faa20ab9,5357,size_in_bytes,lib/ocaml/compiler-libs/cfg_to_linear_desc.cmi,9968
2026-02-06T15:02:15Z,7e7d5d8c97a8904890a2adfd4ee81cb8faa20ab9,5357,size_in_bytes,lib/ocaml/compiler-libs/flambda2_terms__Removed_operations.cmi,9638
2026-02-06T15:02:15Z,7e7d5d8c97a8904890a2adfd4ee81cb8faa20ab9,5357,size_in_bytes,lib/ocaml/compiler-libs/compute_ranges_intf.cmi,61005
2026-02-06T15:02:15Z,7e7d5d8c97a8904890a2adfd4ee81cb8faa20ab9,5357,size_in_bytes,lib/ocaml/compiler-libs/regalloc_invariants.cmi,10708
2026-02-06T15:02:15Z,7e7d5d8c97a8904890a2adfd4ee81cb8faa20ab9,5357,size_in_bytes,lib/ocaml/compiler-libs/cmm_helpers.cmi,173763
2026-02-06T15:02:15Z,7e7d5d8c97a8904890a2adfd4ee81cb8faa20ab9,5357,size_in_bytes,lib/ocaml/compiler-libs/binary_emitter_helpers.cmi,1794
2026-02-06T15:02:15Z,7e7d5d8c97a8904890a2adfd4ee81cb8faa20ab9,5357,size_in_bytes,lib/ocaml/compiler-libs/dwarf_low__Abbreviations_table_entry.cmi,3555
2026-02-06T15:02:15Z,7e7d5d8c97a8904890a2adfd4ee81cb8faa20ab9,5357,size_in_bytes,lib/ocaml/compiler-libs/flambda2_parser__Fexpr_to_flambda.cmi,8765
2026-02-06T15:02:15Z,7e7d5d8c97a8904890a2adfd4ee81cb8faa20ab9,5357,size_in_bytes,lib/ocaml/compiler-libs/cfg_intf.cmi,18877
2026-02-06T15:02:15Z,7e7d5d8c97a8904890a2adfd4ee81cb8faa20ab9,5357,size_in_bytes,lib/ocaml/compiler-libs/flambda2_simplify__Simplify_let_cont_expr.cmi,11793
2026-02-06T15:02:15Z,7e7d5d8c97a8904890a2adfd4ee81cb8faa20ab9,5357,size_in_bytes,lib/ocaml/compiler-libs/shape_reduce.cmi,9322
2026-02-06T15:02:15Z,7e7d5d8c97a8904890a2adfd4ee81cb8faa20ab9,5357,size_in_bytes,lib/ocaml/compiler-libs/cfg_format.cmi,11610
2026-02-06T15:02:15Z,7e7d5d8c97a8904890a2adfd4ee81cb8faa20ab9,5357,size_in_bytes,lib/ocaml/compiler-libs/dwarf_low__Unit_type.cmi,2012
2026-02-06T15:02:15Z,7e7d5d8c97a8904890a2adfd4ee81cb8faa20ab9,5357,size_in_bytes,lib/ocaml/compiler-libs/flambda2_from_lambda__Lambda_to_flambda.cmi,10229
2026-02-06T15:02:15Z,7e7d5d8c97a8904890a2adfd4ee81cb8faa20ab9,5357,size_in_bytes,lib/ocaml/compiler-libs/flambda2_to_cmm__To_cmm.cmi,9601
2026-02-06T15:02:15Z,7e7d5d8c97a8904890a2adfd4ee81cb8faa20ab9,5357,size_in_bytes,lib/ocaml/compiler-libs/flambda2_simplify__Replay_history.cmi,9015
2026-02-06T15:02:15Z,7e7d5d8c97a8904890a2adfd4ee81cb8faa20ab9,5357,size_in_bytes,lib/ocaml/compiler-libs/depend.cmi,4493
2026-02-06T15:02:15Z,7e7d5d8c97a8904890a2adfd4ee81cb8faa20ab9,5357,size_in_bytes,lib/ocaml/compiler-libs/flambda2_simplify__Rebuilt_expr.cmi,20755
2026-02-06T15:02:15Z,7e7d5d8c97a8904890a2adfd4ee81cb8faa20ab9,5357,size_in_bytes,lib/ocaml/compiler-libs/typemod.cmi,20047
2026-02-06T15:02:15Z,7e7d5d8c97a8904890a2adfd4ee81cb8faa20ab9,5357,size_in_bytes,lib/ocaml/compiler-libs/reg_class.cmi,14618
2026-02-06T15:02:15Z,7e7d5d8c97a8904890a2adfd4ee81cb8faa20ab9,5357,size_in_bytes,lib/ocaml/compiler-libs/flambda2_simplify__Simplify_named_result.cmi,13384
2026-02-06T15:02:15Z,7e7d5d8c97a8904890a2adfd4ee81cb8faa20ab9,5357,size_in_bytes,lib/ocaml/compiler-libs/regalloc_irc_utils.cmi,16337
2026-02-06T15:02:15Z,7e7d5d8c97a8904890a2adfd4ee81cb8faa20ab9,5357,size_in_bytes,lib/ocaml/compiler-libs/flambda2_reaper__Dot_printer.cmi,12011
2026-02-06T15:02:15Z,7e7d5d8c97a8904890a2adfd4ee81cb8faa20ab9,5357,size_in_bytes,lib/ocaml/compiler-libs/flambda2_datalog__Datalog.cmi,11009
2026-02-06T15:02:15Z,7e7d5d8c97a8904890a2adfd4ee81cb8faa20ab9,5357,size_in_bytes,lib/ocaml/compiler-libs/profile_counters_functions.cmi,3113
2026-02-06T15:02:15Z,7e7d5d8c97a8904890a2adfd4ee81cb8faa20ab9,5357,size_in_bytes,lib/ocaml/compiler-libs/flambda2_terms__Effects.cmi,7641
2026-02-06T15:02:15Z,7e7d5d8c97a8904890a2adfd4ee81cb8faa20ab9,5357,size_in_bytes,lib/ocaml/compiler-libs/flambda2_types__Traversals.cmi,103850
2026-02-06T15:02:15Z,7e7d5d8c97a8904890a2adfd4ee81cb8faa20ab9,5357,size_in_bytes,lib/ocaml/compiler-libs/flambda2_to_jsir__To_jsir.cmi,10298
2026-02-06T15:02:15Z,7e7d5d8c97a8904890a2adfd4ee81cb8faa20ab9,5357,size_in_bytes,lib/ocaml/compiler-libs/flambda2_parser.cmi,1905
2026-02-06T15:02:15Z,7e7d5d8c97a8904890a2adfd4ee81cb8faa20ab9,5357,size_in_bytes,lib/ocaml/compiler-libs/translcore.cmi,9281
2026-02-06T15:02:15Z,7e7d5d8c97a8904890a2adfd4ee81cb8faa20ab9,5357,size_in_bytes,lib/ocaml/compiler-libs/predef.cmi,31574
2026-02-06T15:02:15Z,7e7d5d8c97a8904890a2adfd4ee81cb8faa20ab9,5357,size_in_bytes,lib/ocaml/compiler-libs/jkind_types.cmi,18683
2026-02-06T15:02:15Z,7e7d5d8c97a8904890a2adfd4ee81cb8faa20ab9,5357,size_in_bytes,lib/ocaml/compiler-libs/dwarf_low__Location_or_range_list_entry.cmi,7453
2026-02-06T15:02:15Z,7e7d5d8c97a8904890a2adfd4ee81cb8faa20ab9,5357,size_in_bytes,lib/ocaml/compiler-libs/translmode.cmi,4428
2026-02-06T15:02:15Z,7e7d5d8c97a8904890a2adfd4ee81cb8faa20ab9,5357,size_in_bytes,lib/ocaml/compiler-libs/untypeast.cmi,20086
2026-02-06T15:02:15Z,7e7d5d8c97a8904890a2adfd4ee81cb8faa20ab9,5357,size_in_bytes,lib/ocaml/compiler-libs/regalloc_ls.cmi,10487
2026-02-06T15:02:15Z,7e7d5d8c97a8904890a2adfd4ee81cb8faa20ab9,5357,size_in_bytes,lib/ocaml/compiler-libs/ident.cmi,61712
2026-02-06T15:02:15Z,7e7d5d8c97a8904890a2adfd4ee81cb8faa20ab9,5357,size_in_bytes,lib/ocaml/compiler-libs/regalloc_gi_utils.cmi,25606
2026-02-06T15:02:15Z,7e7d5d8c97a8904890a2adfd4ee81cb8faa20ab9,5357,size_in_bytes,lib/ocaml/compiler-libs/emit.cmi,10624
2026-02-06T15:02:15Z,7e7d5d8c97a8904890a2adfd4ee81cb8faa20ab9,5357,size_in_bytes,lib/ocaml/compiler-libs/config.cmi,13732
2026-02-06T15:02:15Z,7e7d5d8c97a8904890a2adfd4ee81cb8faa20ab9,5357,size_in_bytes,lib/ocaml/compiler-libs/flambda2_simplify__Continuation_uses.cmi,14073
2026-02-06T15:02:15Z,7e7d5d8c97a8904890a2adfd4ee81cb8faa20ab9,5357,size_in_bytes,lib/ocaml/compiler-libs/flambda2_terms__Function_decl_inlining_decision_type.cmi,10085
2026-02-06T15:02:15Z,7e7d5d8c97a8904890a2adfd4ee81cb8faa20ab9,5357,size_in_bytes,lib/ocaml/compiler-libs/flambda2_datalog__Schedule.cmi,3758
2026-02-06T15:02:15Z,7e7d5d8c97a8904890a2adfd4ee81cb8faa20ab9,5357,size_in_bytes,lib/ocaml/compiler-libs/flambda2_simplify__Simplify_unary_primitive.cmi,11586
2026-02-06T15:02:15Z,7e7d5d8c97a8904890a2adfd4ee81cb8faa20ab9,5357,size_in_bytes,lib/ocaml/compiler-libs/simd.cmi,269927
2026-02-06T15:02:15Z,7e7d5d8c97a8904890a2adfd4ee81cb8faa20ab9,5357,size_in_bytes,lib/ocaml/compiler-libs/flambda2_simplify__Simplify_simple.cmi,12440
2026-02-06T15:02:15Z,7e7d5d8c97a8904890a2adfd4ee81cb8faa20ab9,5357,size_in_bytes,lib/ocaml/compiler-libs/regalloc_substitution.cmi,12195
2026-02-06T15:02:15Z,7e7d5d8c97a8904890a2adfd4ee81cb8faa20ab9,5357,size_in_bytes,lib/ocaml/compiler-libs/compmisc.cmi,5253
2026-02-06T15:02:15Z,7e7d5d8c97a8904890a2adfd4ee81cb8faa20ab9,5357,size_in_bytes,lib/ocaml/compiler-libs/backend_var.cmi,20456
2026-02-06T15:02:15Z,7e7d5d8c97a8904890a2adfd4ee81cb8faa20ab9,5357,size_in_bytes,lib/ocaml/compiler-libs/flambda2_terms__Set_of_closures.cmi,60316
2026-02-06T15:02:15Z,7e7d5d8c97a8904890a2adfd4ee81cb8faa20ab9,5357,size_in_bytes,lib/ocaml/compiler-libs/bytegen.cmi,3637
2026-02-06T15:02:15Z,7e7d5d8c97a8904890a2adfd4ee81cb8faa20ab9,5357,size_in_bytes,lib/ocaml/compiler-libs/typecore.cmi,45908
2026-02-06T15:02:15Z,7e7d5d8c97a8904890a2adfd4ee81cb8faa20ab9,5357,size_in_bytes,lib/ocaml/compiler-libs/flambda2_simplify__Optimistic_unboxing_decision.cmi,9300
2026-02-06T15:02:15Z,7e7d5d8c97a8904890a2adfd4ee81cb8faa20ab9,5357,size_in_bytes,lib/ocaml/compiler-libs/cmm_builtins.cmi,9994
2026-02-06T15:02:15Z,7e7d5d8c97a8904890a2adfd4ee81cb8faa20ab9,5357,size_in_bytes,lib/ocaml/compiler-libs/bytepackager.cmi,3691
2026-02-06T15:02:15Z,7e7d5d8c97a8904890a2adfd4ee81cb8faa20ab9,5357,size_in_bytes,lib/ocaml/compiler-libs/flambda2_compare.cmi,345
2026-02-06T15:02:15Z,7e7d5d8c97a8904890a2adfd4ee81cb8faa20ab9,5357,size_in_bytes,lib/ocaml/compiler-libs/flambda2_simplify__Upwards_env.cmi,15640
2026-02-06T15:02:15Z,7e7d5d8c97a8904890a2adfd4ee81cb8faa20ab9,5357,size_in_bytes,lib/ocaml/compiler-libs/flambda2_parser__Flambda_to_fexpr.cmi,8655
2026-02-06T15:02:15Z,7e7d5d8c97a8904890a2adfd4ee81cb8faa20ab9,5357,size_in_bytes,lib/ocaml/compiler-libs/flambda2_simplify__Simplify_nullary_primitive.cmi,11359
2026-02-06T15:02:15Z,7e7d5d8c97a8904890a2adfd4ee81cb8faa20ab9,5357,size_in_bytes,lib/ocaml/compiler-libs/identifiable.cmi,158521
2026-02-06T15:02:15Z,7e7d5d8c97a8904890a2adfd4ee81cb8faa20ab9,5357,size_in_bytes,lib/ocaml/compiler-libs/jkind_intf.cmi,28346
2026-02-06T15:02:15Z,7e7d5d8c97a8904890a2adfd4ee81cb8faa20ab9,5357,size_in_bytes,lib/ocaml/compiler-libs/domainstate.cmi,4838
2026-02-06T15:02:15Z,7e7d5d8c97a8904890a2adfd4ee81cb8faa20ab9,5357,size_in_bytes,lib/ocaml/compiler-libs/flambda2_simplify__Lifted_constant_state.cmi,13103
2026-02-06T15:02:15Z,7e7d5d8c97a8904890a2adfd4ee81cb8faa20ab9,5357,size_in_bytes,lib/ocaml/compiler-libs/flambda2_terms__Inlining_history.cmi,15159
2026-02-06T15:02:15Z,7e7d5d8c97a8904890a2adfd4ee81cb8faa20ab9,5357,size_in_bytes,lib/ocaml/compiler-libs/dwarf_low__Address_table.cmi,2910
2026-02-06T15:02:15Z,7e7d5d8c97a8904890a2adfd4ee81cb8faa20ab9,5357,size_in_bytes,lib/ocaml/compiler-libs/flambda2_identifiers__Reg_width_const.cmi,13396
2026-02-06T15:02:15Z,7e7d5d8c97a8904890a2adfd4ee81cb8faa20ab9,5357,size_in_bytes,lib/ocaml/compiler-libs/scalar.cmi,36820
2026-02-06T15:02:15Z,7e7d5d8c97a8904890a2adfd4ee81cb8faa20ab9,5357,size_in_bytes,lib/ocaml/compiler-libs/reg.cmi,108075
2026-02-06T15:02:15Z,7e7d5d8c97a8904890a2adfd4ee81cb8faa20ab9,5357,size_in_bytes,lib/ocaml/compiler-libs/flambda2_simplify_shared__Inlining_helpers.cmi,15004
2026-02-06T15:02:15Z,7e7d5d8c97a8904890a2adfd4ee81cb8faa20ab9,5357,size_in_bytes,lib/ocaml/compiler-libs/flambda2_types__Type_grammar.cmi,122730
2026-02-06T15:02:15Z,7e7d5d8c97a8904890a2adfd4ee81cb8faa20ab9,5357,size_in_bytes,lib/ocaml/compiler-libs/flambda2_simplify__Simplify_named.cmi,11809
2026-02-06T15:02:15Z,7e7d5d8c97a8904890a2adfd4ee81cb8faa20ab9,5357,size_in_bytes,lib/ocaml/compiler-libs/printinstr.cmi,3298
2026-02-06T15:02:15Z,7e7d5d8c97a8904890a2adfd4ee81cb8faa20ab9,5357,size_in_bytes,lib/ocaml/compiler-libs/flambda2_identifiers__Value_slot.cmi,73248
2026-02-06T15:02:15Z,7e7d5d8c97a8904890a2adfd4ee81cb8faa20ab9,5357,size_in_bytes,lib/ocaml/compiler-libs/flambda2_identifiers__Symbol.cmi,8188
2026-02-06T15:02:15Z,7e7d5d8c97a8904890a2adfd4ee81cb8faa20ab9,5357,size_in_bytes,lib/ocaml/compiler-libs/typedecl.cmi,22596
2026-02-06T15:02:15Z,7e7d5d8c97a8904890a2adfd4ee81cb8faa20ab9,5357,size_in_bytes,lib/ocaml/compiler-libs/flambda2_bound_identifiers__Bound_parameter.cmi,59149
2026-02-06T15:02:15Z,7e7d5d8c97a8904890a2adfd4ee81cb8faa20ab9,5357,size_in_bytes,lib/ocaml/compiler-libs/x86_proc.cmi,42740
2026-02-06T15:02:15Z,7e7d5d8c97a8904890a2adfd4ee81cb8faa20ab9,5357,size_in_bytes,lib/ocaml/compiler-libs/symbol.cmi,54573
2026-02-06T15:02:15Z,7e7d5d8c97a8904890a2adfd4ee81cb8faa20ab9,5357,size_in_bytes,lib/ocaml/compiler-libs/dll.cmi,3184
2026-02-06T15:02:15Z,7e7d5d8c97a8904890a2adfd4ee81cb8faa20ab9,5357,size_in_bytes,lib/ocaml/compiler-libs/flambda2_parser__Fexpr_to_flambda_commons.cmi,98897
2026-02-06T15:02:15Z,7e7d5d8c97a8904890a2adfd4ee81cb8faa20ab9,5357,size_in_bytes,lib/ocaml/compiler-libs/CSE.cmi,10245
2026-02-06T15:02:15Z,7e7d5d8c97a8904890a2adfd4ee81cb8faa20ab9,5357,size_in_bytes,lib/ocaml/compiler-libs/flambda2_reaper__Cofield.cmi,57052
2026-02-06T15:02:15Z,7e7d5d8c97a8904890a2adfd4ee81cb8faa20ab9,5357,size_in_bytes,lib/ocaml/compiler-libs/flambda2_reaper__Global_flow_graph.cmi,21779
2026-02-06T15:02:15Z,7e7d5d8c97a8904890a2adfd4ee81cb8faa20ab9,5357,size_in_bytes,lib/ocaml/compiler-libs/form_rewrite_plan.cmi,13751
2026-02-06T15:02:15Z,7e7d5d8c97a8904890a2adfd4ee81cb8faa20ab9,5357,size_in_bytes,lib/ocaml/compiler-libs/flambda2_nominal.cmi,1562
2026-02-06T15:02:15Z,7e7d5d8c97a8904890a2adfd4ee81cb8faa20ab9,5357,size_in_bytes,lib/ocaml/compiler-libs/flambda2_simplify__Simplify_variadic_primitive.cmi,11572
2026-02-06T15:02:15Z,7e7d5d8c97a8904890a2adfd4ee81cb8faa20ab9,5357,size_in_bytes,lib/ocaml/compiler-libs/regalloc_split.cmi,10302
2026-02-06T15:02:15Z,7e7d5d8c97a8904890a2adfd4ee81cb8faa20ab9,5357,size_in_bytes,lib/ocaml/compiler-libs/flambda2_reaper__Traverse.cmi,11518
2026-02-06T15:02:15Z,7e7d5d8c97a8904890a2adfd4ee81cb8faa20ab9,5357,size_in_bytes,lib/ocaml/compiler-libs/cmi_format.cmi,6455
2026-02-06T15:02:15Z,7e7d5d8c97a8904890a2adfd4ee81cb8faa20ab9,5357,size_in_bytes,lib/ocaml/compiler-libs/flambda2_simplify__Continuation_in_env.cmi,10697
2026-02-06T15:02:15Z,7e7d5d8c97a8904890a2adfd4ee81cb8faa20ab9,5357,size_in_bytes,lib/ocaml/compiler-libs/envaux.cmi,3516
2026-02-06T15:02:15Z,7e7d5d8c97a8904890a2adfd4ee81cb8faa20ab9,5357,size_in_bytes,lib/ocaml/compiler-libs/flambda2_identifiers__Code_id_or_name.cmi,8311
2026-02-06T15:02:15Z,7e7d5d8c97a8904890a2adfd4ee81cb8faa20ab9,5357,size_in_bytes,lib/ocaml/compiler-libs/dwarf_low__Range_list_entry.cmi,3091
2026-02-06T15:02:15Z,7e7d5d8c97a8904890a2adfd4ee81cb8faa20ab9,5357,size_in_bytes,lib/ocaml/compiler-libs/uniqueness_analysis.cmi,9387
2026-02-06T15:02:15Z,7e7d5d8c97a8904890a2adfd4ee81cb8faa20ab9,5357,size_in_bytes,lib/ocaml/compiler-libs/flambda2_simplify__Unboxers.cmi,14263
2026-02-06T15:02:15Z,7e7d5d8c97a8904890a2adfd4ee81cb8faa20ab9,5357,size_in_bytes,lib/ocaml/compiler-libs/typeclass.cmi,16428
2026-02-06T15:02:15Z,7e7d5d8c97a8904890a2adfd4ee81cb8faa20ab9,5357,size_in_bytes,lib/ocaml/compiler-libs/flambda2_simplify__Rebuilt_static_const.cmi,28297
2026-02-06T15:02:15Z,7e7d5d8c97a8904890a2adfd4ee81cb8faa20ab9,5357,size_in_bytes,lib/ocaml/compiler-libs/flambda2_types__Join_levels.cmi,7756
2026-02-06T15:02:15Z,7e7d5d8c97a8904890a2adfd4ee81cb8faa20ab9,5357,size_in_bytes,lib/ocaml/compiler-libs/btype.cmi,155590
2026-02-06T15:02:15Z,7e7d5d8c97a8904890a2adfd4ee81cb8faa20ab9,5357,size_in_bytes,lib/ocaml/compiler-libs/clflags.cmi,53719
2026-02-06T15:02:15Z,7e7d5d8c97a8904890a2adfd4ee81cb8faa20ab9,5357,size_in_bytes,lib/ocaml/compiler-libs/flambda2_simplify__Flow_types.cmi,25827
2026-02-06T15:02:15Z,7e7d5d8c97a8904890a2adfd4ee81cb8faa20ab9,5357,size_in_bytes,lib/ocaml/compiler-libs/dwarf_low__Inline_code.cmi,1785
2026-02-06T15:02:15Z,7e7d5d8c97a8904890a2adfd4ee81cb8faa20ab9,5357,size_in_bytes,lib/ocaml/compiler-libs/blambda_of_lambda.cmi,3045
2026-02-06T15:02:15Z,7e7d5d8c97a8904890a2adfd4ee81cb8faa20ab9,5357,size_in_bytes,lib/ocaml/compiler-libs/partition.cmi,3409
2026-02-06T15:02:15Z,7e7d5d8c97a8904890a2adfd4ee81cb8faa20ab9,5357,size_in_bytes,lib/ocaml/str/str.cmi,10364
2026-02-06T15:02:15Z,7e7d5d8c97a8904890a2adfd4ee81cb8faa20ab9,5357,size_in_bytes,lib/ocaml/stdlib__Obj.cmx,75978
2026-02-06T15:02:15Z,7e7d5d8c97a8904890a2adfd4ee81cb8faa20ab9,5357,size_in_bytes,lib/ocaml/stdlib__Result.cmx,37065
2026-02-06T15:02:15Z,7e7d5d8c97a8904890a2adfd4ee81cb8faa20ab9,5357,size_in_bytes,lib/ocaml/stdlib__Unit.cmx,3474
2026-02-06T15:02:15Z,7e7d5d8c97a8904890a2adfd4ee81cb8faa20ab9,5357,size_in_bytes,lib/ocaml/camlinternalMod.cmx,2831
2026-02-06T15:02:15Z,7e7d5d8c97a8904890a2adfd4ee81cb8faa20ab9,5357,size_in_bytes,lib/ocaml/stdlib__ListLabels.cmx,6050
2026-02-06T15:02:15Z,7e7d5d8c97a8904890a2adfd4ee81cb8faa20ab9,5357,size_in_bytes,lib/ocaml/compiler_owee__Owee_buf.cmx,54054
2026-02-06T15:02:15Z,7e7d5d8c97a8904890a2adfd4ee81cb8faa20ab9,5357,size_in_bytes,lib/ocaml/stdlib__Set.cmx,800765
2026-02-06T15:02:15Z,7e7d5d8c97a8904890a2adfd4ee81cb8faa20ab9,5357,size_in_bytes,lib/ocaml/camlinternalLazy.cmx,24525
2026-02-06T15:02:15Z,7e7d5d8c97a8904890a2adfd4ee81cb8faa20ab9,5357,size_in_bytes,lib/ocaml/stdlib__Marshal.cmx,21155
2026-02-06T15:02:15Z,7e7d5d8c97a8904890a2adfd4ee81cb8faa20ab9,5357,size_in_bytes,lib/ocaml/stdlib__Sys.cmx,13720
2026-02-06T15:02:15Z,7e7d5d8c97a8904890a2adfd4ee81cb8faa20ab9,5357,size_in_bytes,lib/ocaml/stdlib__Callback.cmx,11448
2026-02-06T15:02:15Z,7e7d5d8c97a8904890a2adfd4ee81cb8faa20ab9,5357,size_in_bytes,lib/ocaml/stdlib__Condition.cmx,6180
2026-02-06T15:02:15Z,7e7d5d8c97a8904890a2adfd4ee81cb8faa20ab9,5357,size_in_bytes,lib/ocaml/stdlib__Uchar.cmx,42115
2026-02-06T15:02:15Z,7e7d5d8c97a8904890a2adfd4ee81cb8faa20ab9,5357,size_in_bytes,lib/ocaml/gc_timings.cmx,4497
2026-02-06T15:02:15Z,7e7d5d8c97a8904890a2adfd4ee81cb8faa20ab9,5357,size_in_bytes,lib/ocaml/compiler_owee__Owee_location.cmx,10150
2026-02-06T15:02:15Z,7e7d5d8c97a8904890a2adfd4ee81cb8faa20ab9,5357,size_in_bytes,lib/ocaml/compiler_owee__Owee_object.cmx,13328
2026-02-06T15:02:15Z,7e7d5d8c97a8904890a2adfd4ee81cb8faa20ab9,5357,size_in_bytes,lib/ocaml/stdlib__Seq.cmx,165365
2026-02-06T15:02:15Z,7e7d5d8c97a8904890a2adfd4ee81cb8faa20ab9,5357,size_in_bytes,lib/ocaml/camlinternaleval.cmx,18498
2026-02-06T15:02:15Z,7e7d5d8c97a8904890a2adfd4ee81cb8faa20ab9,5357,size_in_bytes,lib/ocaml/compiler_owee__Owee_marker.cmx,43574
2026-02-06T15:02:15Z,7e7d5d8c97a8904890a2adfd4ee81cb8faa20ab9,5357,size_in_bytes,lib/ocaml/stdlib__Type.cmx,6304
2026-02-06T15:02:15Z,7e7d5d8c97a8904890a2adfd4ee81cb8faa20ab9,5357,size_in_bytes,lib/ocaml/camlinternalOO.cmx,34144
2026-02-06T15:02:15Z,7e7d5d8c97a8904890a2adfd4ee81cb8faa20ab9,5357,size_in_bytes,lib/ocaml/compiler_owee__Unix_intf.cmx,505
2026-02-06T15:02:15Z,7e7d5d8c97a8904890a2adfd4ee81cb8faa20ab9,5357,size_in_bytes,lib/ocaml/stdlib__Parsing.cmx,66261
2026-02-06T15:02:15Z,7e7d5d8c97a8904890a2adfd4ee81cb8faa20ab9,5357,size_in_bytes,lib/ocaml/stdlib__Lazy.cmx,35170
2026-02-06T15:02:15Z,7e7d5d8c97a8904890a2adfd4ee81cb8faa20ab9,5357,size_in_bytes,lib/ocaml/stdlib__Out_channel.cmx,14208
2026-02-06T15:02:15Z,7e7d5d8c97a8904890a2adfd4ee81cb8faa20ab9,5357,size_in_bytes,lib/ocaml/stdlib__Printf.cmx,69591
2026-02-06T15:02:15Z,7e7d5d8c97a8904890a2adfd4ee81cb8faa20ab9,5357,size_in_bytes,lib/ocaml/stdlib__Arg.cmx,183110
2026-02-06T15:02:15Z,7e7d5d8c97a8904890a2adfd4ee81cb8faa20ab9,5357,size_in_bytes,lib/ocaml/stdlib__Hashtbl.cmx,477703
2026-02-06T15:02:15Z,7e7d5d8c97a8904890a2adfd4ee81cb8faa20ab9,5357,size_in_bytes,lib/ocaml/stdlib__Atomic.cmx,6055
2026-02-06T15:02:15Z,7e7d5d8c97a8904890a2adfd4ee81cb8faa20ab9,5357,size_in_bytes,lib/ocaml/stdlib__Weak.cmx,241197
2026-02-06T15:02:15Z,7e7d5d8c97a8904890a2adfd4ee81cb8faa20ab9,5357,size_in_bytes,lib/ocaml/stdlib__Fun.cmx,13702
2026-02-06T15:02:15Z,7e7d5d8c97a8904890a2adfd4ee81cb8faa20ab9,5357,size_in_bytes,lib/ocaml/compiler_owee__Owee_interval_map.cmx,5199
2026-02-06T15:02:15Z,7e7d5d8c97a8904890a2adfd4ee81cb8faa20ab9,5357,size_in_bytes,lib/ocaml/stdlib__String.cmx,209775
2026-02-06T15:02:15Z,7e7d5d8c97a8904890a2adfd4ee81cb8faa20ab9,5357,size_in_bytes,lib/ocaml/stdlib__Float.cmx,207361
2026-02-06T15:02:15Z,7e7d5d8c97a8904890a2adfd4ee81cb8faa20ab9,5357,size_in_bytes,lib/ocaml/camlinternalFormat.cmx,209420
2026-02-06T15:02:15Z,7e7d5d8c97a8904890a2adfd4ee81cb8faa20ab9,5357,size_in_bytes,lib/ocaml/std_exit.cmx,441
2026-02-06T15:02:15Z,7e7d5d8c97a8904890a2adfd4ee81cb8faa20ab9,5357,size_in_bytes,lib/ocaml/compiler_owee__Owee_macho.cmx,18859
2026-02-06T15:02:15Z,7e7d5d8c97a8904890a2adfd4ee81cb8faa20ab9,5357,size_in_bytes,lib/ocaml/stdlib__Either.cmx,23385
2026-02-06T15:02:15Z,7e7d5d8c97a8904890a2adfd4ee81cb8faa20ab9,5357,size_in_bytes,lib/ocaml/compiler_owee__Owee_elf_relocation.cmx,24285
2026-02-06T15:02:15Z,7e7d5d8c97a8904890a2adfd4ee81cb8faa20ab9,5357,size_in_bytes,lib/ocaml/stdlib__Ephemeron.cmx,931571
2026-02-06T15:02:15Z,7e7d5d8c97a8904890a2adfd4ee81cb8faa20ab9,5357,size_in_bytes,lib/ocaml/stdlib.cmx,213812
2026-02-06T15:02:15Z,7e7d5d8c97a8904890a2adfd4ee81cb8faa20ab9,5357,size_in_bytes,lib/ocaml/stdlib__Int32.cmx,33715
2026-02-06T15:02:15Z,7e7d5d8c97a8904890a2adfd4ee81cb8faa20ab9,5357,size_in_bytes,lib/ocaml/stdlib__Domain.cmx,101511
2026-02-06T15:02:15Z,7e7d5d8c97a8904890a2adfd4ee81cb8faa20ab9,5357,size_in_bytes,lib/ocaml/compiler_owee__Owee_traverse.cmx,8367
2026-02-06T15:02:15Z,7e7d5d8c97a8904890a2adfd4ee81cb8faa20ab9,5357,size_in_bytes,lib/ocaml/compiler_owee__Owee_form.cmx,5494
2026-02-06T15:02:15Z,7e7d5d8c97a8904890a2adfd4ee81cb8faa20ab9,5357,size_in_bytes,lib/ocaml/compiler_owee__Owee_elf_string_table.cmx,5130
2026-02-06T15:02:15Z,7e7d5d8c97a8904890a2adfd4ee81cb8faa20ab9,5357,size_in_bytes,lib/ocaml/stdlib__Effect.cmx,17588
2026-02-06T15:02:15Z,7e7d5d8c97a8904890a2adfd4ee81cb8faa20ab9,5357,size_in_bytes,lib/ocaml/stdlib__ArrayLabels.cmx,4149
2026-02-06T15:02:15Z,7e7d5d8c97a8904890a2adfd4ee81cb8faa20ab9,5357,size_in_bytes,lib/ocaml/compiler_owee__Owee_elf.cmx,49989
2026-02-06T15:02:15Z,7e7d5d8c97a8904890a2adfd4ee81cb8faa20ab9,5357,size_in_bytes,lib/ocaml/stdlib__Int.cmx,12668
2026-02-06T15:02:15Z,7e7d5d8c97a8904890a2adfd4ee81cb8faa20ab9,5357,size_in_bytes,lib/ocaml/stdlib__Oo.cmx,677
2026-02-06T15:02:15Z,7e7d5d8c97a8904890a2adfd4ee81cb8faa20ab9,5357,size_in_bytes,lib/ocaml/stdlib__Char.cmx,18433
2026-02-06T15:02:15Z,7e7d5d8c97a8904890a2adfd4ee81cb8faa20ab9,5357,size_in_bytes,lib/ocaml/stdlib__Bytes.cmx,368288
2026-02-06T15:02:15Z,7e7d5d8c97a8904890a2adfd4ee81cb8faa20ab9,5357,size_in_bytes,lib/ocaml/stdlib__Random.cmx,232253
2026-02-06T15:02:15Z,7e7d5d8c97a8904890a2adfd4ee81cb8faa20ab9,5357,size_in_bytes,lib/ocaml/stdlib__Array.cmx,177875
2026-02-06T15:02:15Z,7e7d5d8c97a8904890a2adfd4ee81cb8faa20ab9,5357,size_in_bytes,lib/ocaml/camlinternalFormatBasics.cmx,8353
2026-02-06T15:02:15Z,7e7d5d8c97a8904890a2adfd4ee81cb8faa20ab9,5357,size_in_bytes,lib/ocaml/camlinternalComprehension.cmx,6080
2026-02-06T15:02:15Z,7e7d5d8c97a8904890a2adfd4ee81cb8faa20ab9,5357,size_in_bytes,lib/ocaml/stdlib__Quote.cmx,8123
2026-02-06T15:02:15Z,7e7d5d8c97a8904890a2adfd4ee81cb8faa20ab9,5357,size_in_bytes,lib/ocaml/stdlib__Bigarray.cmx,134781
2026-02-06T15:02:15Z,7e7d5d8c97a8904890a2adfd4ee81cb8faa20ab9,5357,size_in_bytes,lib/ocaml/dynlink_compilerlibs__Misc.cmx,605689
2026-02-06T15:02:15Z,7e7d5d8c97a8904890a2adfd4ee81cb8faa20ab9,5357,size_in_bytes,lib/ocaml/stdlib__StringLabels.cmx,6525
2026-02-06T15:02:15Z,7e7d5d8c97a8904890a2adfd4ee81cb8faa20ab9,5357,size_in_bytes,lib/ocaml/stdlib__Backoff.cmx,8310
2026-02-06T15:02:15Z,7e7d5d8c97a8904890a2adfd4ee81cb8faa20ab9,5357,size_in_bytes,lib/ocaml/compiler_owee__Owee_graph.cmx,42343
2026-02-06T15:02:15Z,7e7d5d8c97a8904890a2adfd4ee81cb8faa20ab9,5357,size_in_bytes,lib/ocaml/stdlib__BytesLabels.cmx,8675
2026-02-06T15:02:15Z,7e7d5d8c97a8904890a2adfd4ee81cb8faa20ab9,5357,size_in_bytes,lib/ocaml/stdlib__Queue.cmx,50432
2026-02-06T15:02:15Z,7e7d5d8c97a8904890a2adfd4ee81cb8faa20ab9,5357,size_in_bytes,lib/ocaml/stdlib__List.cmx,181565
2026-02-06T15:02:15Z,7e7d5d8c97a8904890a2adfd4ee81cb8faa20ab9,5357,size_in_bytes,lib/ocaml/stdlib__Filename.cmx,334391
2026-02-06T15:02:15Z,7e7d5d8c97a8904890a2adfd4ee81cb8faa20ab9,5357,size_in_bytes,lib/ocaml/stdlib__Scanf.cmx,270553
2026-02-06T15:02:15Z,7e7d5d8c97a8904890a2adfd4ee81cb8faa20ab9,5357,size_in_bytes,lib/ocaml/stdlib__Buffer.cmx,232508
2026-02-06T15:02:15Z,7e7d5d8c97a8904890a2adfd4ee81cb8faa20ab9,5357,size_in_bytes,lib/ocaml/stdlib__Format.cmx,954244
2026-02-06T15:02:15Z,7e7d5d8c97a8904890a2adfd4ee81cb8faa20ab9,5357,size_in_bytes,lib/ocaml/camlinternalAtomic.cmx,9440
2026-02-06T15:02:15Z,7e7d5d8c97a8904890a2adfd4ee81cb8faa20ab9,5357,size_in_bytes,lib/ocaml/stdlib__In_channel.cmx,19007
2026-02-06T15:02:15Z,7e7d5d8c97a8904890a2adfd4ee81cb8faa20ab9,5357,size_in_bytes,lib/ocaml/stdlib__MoreLabels.cmx,858
2026-02-06T15:02:15Z,7e7d5d8c97a8904890a2adfd4ee81cb8faa20ab9,5357,size_in_bytes,lib/ocaml/stdlib__Int64.cmx,34054
2026-02-06T15:02:15Z,7e7d5d8c97a8904890a2adfd4ee81cb8faa20ab9,5357,size_in_bytes,lib/ocaml/stdlib__StdLabels.cmx,372
2026-02-06T15:02:15Z,7e7d5d8c97a8904890a2adfd4ee81cb8faa20ab9,5357,size_in_bytes,lib/ocaml/stdlib__Option.cmx,29308
2026-02-06T15:02:15Z,7e7d5d8c97a8904890a2adfd4ee81cb8faa20ab9,5357,size_in_bytes,lib/ocaml/stdlib__Complex.cmx,44323
2026-02-06T15:02:15Z,7e7d5d8c97a8904890a2adfd4ee81cb8faa20ab9,5357,size_in_bytes,lib/ocaml/stdlib__Printexc.cmx,198432
2026-02-06T15:02:15Z,7e7d5d8c97a8904890a2adfd4ee81cb8faa20ab9,5357,size_in_bytes,lib/ocaml/compiler_owee__Owee_linux_maps.cmx,5499
2026-02-06T15:02:15Z,7e7d5d8c97a8904890a2adfd4ee81cb8faa20ab9,5357,size_in_bytes,lib/ocaml/compiler_owee__Owee_archive.cmx,4831
2026-02-06T15:02:15Z,7e7d5d8c97a8904890a2adfd4ee81cb8faa20ab9,5357,size_in_bytes,lib/ocaml/stdlib__Map.cmx,803699
2026-02-06T15:02:15Z,7e7d5d8c97a8904890a2adfd4ee81cb8faa20ab9,5357,size_in_bytes,lib/ocaml/stdlib__Semaphore.cmx,8277
2026-02-06T15:02:15Z,7e7d5d8c97a8904890a2adfd4ee81cb8faa20ab9,5357,size_in_bytes,lib/ocaml/stdlib__Digest.cmx,215803
2026-02-06T15:02:15Z,7e7d5d8c97a8904890a2adfd4ee81cb8faa20ab9,5357,size_in_bytes,lib/ocaml/stdlib__Stack.cmx,35881
2026-02-06T15:02:15Z,7e7d5d8c97a8904890a2adfd4ee81cb8faa20ab9,5357,size_in_bytes,lib/ocaml/compiler_owee.cmx,814
2026-02-06T15:02:15Z,7e7d5d8c97a8904890a2adfd4ee81cb8faa20ab9,5357,size_in_bytes,lib/ocaml/stdlib__Gc.cmx,40095
2026-02-06T15:02:15Z,7e7d5d8c97a8904890a2adfd4ee81cb8faa20ab9,5357,size_in_bytes,lib/ocaml/stdlib__Nativeint.cmx,35162
2026-02-06T15:02:15Z,7e7d5d8c97a8904890a2adfd4ee81cb8faa20ab9,5357,size_in_bytes,lib/ocaml/stdlib__Dynarray.cmx,45505
2026-02-06T15:02:15Z,7e7d5d8c97a8904890a2adfd4ee81cb8faa20ab9,5357,size_in_bytes,lib/ocaml/camlinternalQuote.cmx,416900
2026-02-06T15:02:15Z,7e7d5d8c97a8904890a2adfd4ee81cb8faa20ab9,5357,size_in_bytes,lib/ocaml/stdlib__Modes.cmx,605
2026-02-06T15:02:15Z,7e7d5d8c97a8904890a2adfd4ee81cb8faa20ab9,5357,size_in_bytes,lib/ocaml/stdlib__Mutex.cmx,6517
2026-02-06T15:02:15Z,7e7d5d8c97a8904890a2adfd4ee81cb8faa20ab9,5357,size_in_bytes,lib/ocaml/compiler_owee__Owee_debug_line.cmx,6494
2026-02-06T15:02:15Z,7e7d5d8c97a8904890a2adfd4ee81cb8faa20ab9,5357,size_in_bytes,lib/ocaml/compiler_owee__Owee_elf_notes.cmx,8290
2026-02-06T15:02:15Z,7e7d5d8c97a8904890a2adfd4ee81cb8faa20ab9,5357,size_in_bytes,lib/ocaml/stdlib__Lexing.cmx,91071
2026-02-06T15:02:15Z,7e7d5d8c97a8904890a2adfd4ee81cb8faa20ab9,5357,size_in_bytes,lib/ocaml/stdlib__Bool.cmx,10932
2026-02-06T15:02:15Z,7e7d5d8c97a8904890a2adfd4ee81cb8faa20ab9,5357,size_in_bytes,lib/ocaml/stdlib_upstream_compatible/stdlib_upstream_compatible__Nativeint_u.cmx,67337
2026-02-06T15:02:15Z,7e7d5d8c97a8904890a2adfd4ee81cb8faa20ab9,5357,size_in_bytes,lib/ocaml/stdlib_upstream_compatible/stdlib_upstream_compatible__Int64_u.cmx,74286
2026-02-06T15:02:15Z,7e7d5d8c97a8904890a2adfd4ee81cb8faa20ab9,5357,size_in_bytes,lib/ocaml/stdlib_upstream_compatible/stdlib_upstream_compatible__Int32_u.cmx,62232
2026-02-06T15:02:15Z,7e7d5d8c97a8904890a2adfd4ee81cb8faa20ab9,5357,size_in_bytes,lib/ocaml/stdlib_upstream_compatible/stdlib_upstream_compatible.cmx,494
2026-02-06T15:02:15Z,7e7d5d8c97a8904890a2adfd4ee81cb8faa20ab9,5357,size_in_bytes,lib/ocaml/stdlib_upstream_compatible/stdlib_upstream_compatible__Float_u.cmx,108962
2026-02-06T15:02:15Z,7e7d5d8c97a8904890a2adfd4ee81cb8faa20ab9,5357,size_in_bytes,lib/ocaml/stdlib_upstream_compatible/stdlib_upstream_compatible__.cmx,685
2026-02-06T15:02:15Z,7e7d5d8c97a8904890a2adfd4ee81cb8faa20ab9,5357,size_in_bytes,lib/ocaml/unix/unix.cmx,231912
2026-02-06T15:02:15Z,7e7d5d8c97a8904890a2adfd4ee81cb8faa20ab9,5357,size_in_bytes,lib/ocaml/unix/unixLabels.cmx,20441
2026-02-06T15:02:15Z,7e7d5d8c97a8904890a2adfd4ee81cb8faa20ab9,5357,size_in_bytes,lib/ocaml/stdlib_alpha/stdlib_alpha.cmx,352
2026-02-06T15:02:15Z,7e7d5d8c97a8904890a2adfd4ee81cb8faa20ab9,5357,size_in_bytes,lib/ocaml/ocaml-jit/jit.cmx,17695
2026-02-06T15:02:15Z,7e7d5d8c97a8904890a2adfd4ee81cb8faa20ab9,5357,size_in_bytes,lib/ocaml/stdlib_beta/stdlib_beta.cmx,348
2026-02-06T15:02:15Z,7e7d5d8c97a8904890a2adfd4ee81cb8faa20ab9,5357,size_in_bytes,lib/ocaml/stdlib_stable/stdlib_stable__Idx_imm.cmx,428
2026-02-06T15:02:15Z,7e7d5d8c97a8904890a2adfd4ee81cb8faa20ab9,5357,size_in_bytes,lib/ocaml/stdlib_stable/stdlib_stable__Int_u.cmx,28227
2026-02-06T15:02:15Z,7e7d5d8c97a8904890a2adfd4ee81cb8faa20ab9,5357,size_in_bytes,lib/ocaml/stdlib_stable/stdlib_stable__Float32.cmx,59169
2026-02-06T15:02:15Z,7e7d5d8c97a8904890a2adfd4ee81cb8faa20ab9,5357,size_in_bytes,lib/ocaml/stdlib_stable/stdlib_stable__Float32_u.cmx,181637
2026-02-06T15:02:15Z,7e7d5d8c97a8904890a2adfd4ee81cb8faa20ab9,5357,size_in_bytes,lib/ocaml/stdlib_stable/stdlib_stable__Char_u.cmx,13429
2026-02-06T15:02:15Z,7e7d5d8c97a8904890a2adfd4ee81cb8faa20ab9,5357,size_in_bytes,lib/ocaml/stdlib_stable/stdlib_stable__Int8.cmx,27420
2026-02-06T15:02:15Z,7e7d5d8c97a8904890a2adfd4ee81cb8faa20ab9,5357,size_in_bytes,lib/ocaml/stdlib_stable/stdlib_stable__Int8_u.cmx,28352
2026-02-06T15:02:15Z,7e7d5d8c97a8904890a2adfd4ee81cb8faa20ab9,5357,size_in_bytes,lib/ocaml/stdlib_stable/stdlib_stable__Idx_mut.cmx,428
2026-02-06T15:02:15Z,7e7d5d8c97a8904890a2adfd4ee81cb8faa20ab9,5357,size_in_bytes,lib/ocaml/stdlib_stable/stdlib_stable__.cmx,813
2026-02-06T15:02:15Z,7e7d5d8c97a8904890a2adfd4ee81cb8faa20ab9,5357,size_in_bytes,lib/ocaml/stdlib_stable/stdlib_stable__IarrayLabels.cmx,470657
2026-02-06T15:02:15Z,7e7d5d8c97a8904890a2adfd4ee81cb8faa20ab9,5357,size_in_bytes,lib/ocaml/stdlib_stable/stdlib_stable__Iarray.cmx,411743
2026-02-06T15:02:15Z,7e7d5d8c97a8904890a2adfd4ee81cb8faa20ab9,5357,size_in_bytes,lib/ocaml/stdlib_stable/stdlib_stable__Int16.cmx,27498
2026-02-06T15:02:15Z,7e7d5d8c97a8904890a2adfd4ee81cb8faa20ab9,5357,size_in_bytes,lib/ocaml/stdlib_stable/stdlib_stable__Int16_u.cmx,28630
2026-02-06T15:02:15Z,7e7d5d8c97a8904890a2adfd4ee81cb8faa20ab9,5357,size_in_bytes,lib/ocaml/stdlib_stable/stdlib_stable__Int.cmx,20747
2026-02-06T15:02:15Z,7e7d5d8c97a8904890a2adfd4ee81cb8faa20ab9,5357,size_in_bytes,lib/ocaml/stdlib_stable/stdlib_stable__Or_null.cmx,14221
2026-02-06T15:02:15Z,7e7d5d8c97a8904890a2adfd4ee81cb8faa20ab9,5357,size_in_bytes,lib/ocaml/stdlib_stable/stdlib_stable.cmx,383
2026-02-06T15:02:15Z,7e7d5d8c97a8904890a2adfd4ee81cb8faa20ab9,5357,size_in_bytes,lib/ocaml/dynlink/dynlink_platform_intf.cmx,549
2026-02-06T15:02:15Z,7e7d5d8c97a8904890a2adfd4ee81cb8faa20ab9,5357,size_in_bytes,lib/ocaml/dynlink/dynlink_types.cmx,2452
2026-02-06T15:02:15Z,7e7d5d8c97a8904890a2adfd4ee81cb8faa20ab9,5357,size_in_bytes,lib/ocaml/dynlink/dynlink_internal_byte.cmx,79481
2026-02-06T15:02:15Z,7e7d5d8c97a8904890a2adfd4ee81cb8faa20ab9,5357,size_in_bytes,lib/ocaml/dynlink/dynlink.cmx,32880
2026-02-06T15:02:15Z,7e7d5d8c97a8904890a2adfd4ee81cb8faa20ab9,5357,size_in_bytes,lib/ocaml/dynlink/dynlink_common.cmx,216842
2026-02-06T15:02:15Z,7e7d5d8c97a8904890a2adfd4ee81cb8faa20ab9,5357,size_in_bytes,lib/ocaml/dynlink/dynlink_internal_native.cmx,70346
2026-02-06T15:02:15Z,7e7d5d8c97a8904890a2adfd4ee81cb8faa20ab9,5357,size_in_bytes,lib/ocaml/threads/thread.cmx,33222
2026-02-06T15:02:15Z,7e7d5d8c97a8904890a2adfd4ee81cb8faa20ab9,5357,size_in_bytes,lib/ocaml/threads/event.cmx,160252
2026-02-06T15:02:15Z,7e7d5d8c97a8904890a2adfd4ee81cb8faa20ab9,5357,size_in_bytes,lib/ocaml/threads/multicore.cmx,6073
2026-02-06T15:02:15Z,7e7d5d8c97a8904890a2adfd4ee81cb8faa20ab9,5357,size_in_bytes,lib/ocaml/compiler-libs/dwarf_low__Location_or_range_list_table.cmx,113734
2026-02-06T15:02:15Z,7e7d5d8c97a8904890a2adfd4ee81cb8faa20ab9,5357,size_in_bytes,lib/ocaml/compiler-libs/partial_link.cmx,4697
2026-02-06T15:02:15Z,7e7d5d8c97a8904890a2adfd4ee81cb8faa20ab9,5357,size_in_bytes,lib/ocaml/compiler-libs/dwarf_low__Debugging_information_entry.cmx,42923
2026-02-06T15:02:15Z,7e7d5d8c97a8904890a2adfd4ee81cb8faa20ab9,5357,size_in_bytes,lib/ocaml/compiler-libs/vicuna_traverse_typed_tree.cmx,6786
2026-02-06T15:02:15Z,7e7d5d8c97a8904890a2adfd4ee81cb8faa20ab9,5357,size_in_bytes,lib/ocaml/compiler-libs/translobj.cmx,20769
2026-02-06T15:02:15Z,7e7d5d8c97a8904890a2adfd4ee81cb8faa20ab9,5357,size_in_bytes,lib/ocaml/compiler-libs/attr_helper.cmx,5643
2026-02-06T15:02:15Z,7e7d5d8c97a8904890a2adfd4ee81cb8faa20ab9,5357,size_in_bytes,lib/ocaml/compiler-libs/stypes.cmx,8659
2026-02-06T15:02:15Z,7e7d5d8c97a8904890a2adfd4ee81cb8faa20ab9,5357,size_in_bytes,lib/ocaml/compiler-libs/proc.cmx,49617
2026-02-06T15:02:15Z,7e7d5d8c97a8904890a2adfd4ee81cb8faa20ab9,5357,size_in_bytes,lib/ocaml/compiler-libs/translquote.cmx,32751
2026-02-06T15:02:15Z,7e7d5d8c97a8904890a2adfd4ee81cb8faa20ab9,5357,size_in_bytes,lib/ocaml/compiler-libs/dwarf_state.cmx,28650
2026-02-06T15:02:15Z,7e7d5d8c97a8904890a2adfd4ee81cb8faa20ab9,5357,size_in_bytes,lib/ocaml/compiler-libs/regalloc_substitution.cmx,16322
2026-02-06T15:02:15Z,7e7d5d8c97a8904890a2adfd4ee81cb8faa20ab9,5357,size_in_bytes,lib/ocaml/compiler-libs/dwarf_low__Single_location_description.cmx,44198
2026-02-06T15:02:15Z,7e7d5d8c97a8904890a2adfd4ee81cb8faa20ab9,5357,size_in_bytes,lib/ocaml/compiler-libs/parse.cmx,27827
2026-02-06T15:02:15Z,7e7d5d8c97a8904890a2adfd4ee81cb8faa20ab9,5357,size_in_bytes,lib/ocaml/compiler-libs/asm_targets__Asm_symbol.cmx,90688
2026-02-06T15:02:15Z,7e7d5d8c97a8904890a2adfd4ee81cb8faa20ab9,5357,size_in_bytes,lib/ocaml/compiler-libs/cfg_cse.cmx,141564
2026-02-06T15:02:15Z,7e7d5d8c97a8904890a2adfd4ee81cb8faa20ab9,5357,size_in_bytes,lib/ocaml/compiler-libs/oprint.cmx,17077
2026-02-06T15:02:15Z,7e7d5d8c97a8904890a2adfd4ee81cb8faa20ab9,5357,size_in_bytes,lib/ocaml/compiler-libs/global_module.cmx,158120
2026-02-06T15:02:15Z,7e7d5d8c97a8904890a2adfd4ee81cb8faa20ab9,5357,size_in_bytes,lib/ocaml/compiler-libs/dwarf_low__Dwarf_format.cmx,5422
2026-02-06T15:02:15Z,7e7d5d8c97a8904890a2adfd4ee81cb8faa20ab9,5357,size_in_bytes,lib/ocaml/compiler-libs/misc.cmx,532691
2026-02-06T15:02:15Z,7e7d5d8c97a8904890a2adfd4ee81cb8faa20ab9,5357,size_in_bytes,lib/ocaml/compiler-libs/jkind_intf.cmx,1199
2026-02-06T15:02:15Z,7e7d5d8c97a8904890a2adfd4ee81cb8faa20ab9,5357,size_in_bytes,lib/ocaml/compiler-libs/jkind_axis.cmx,208286
2026-02-06T15:02:15Z,7e7d5d8c97a8904890a2adfd4ee81cb8faa20ab9,5357,size_in_bytes,lib/ocaml/compiler-libs/dwarf_low__Dwarf_arch_sizes.cmx,567
2026-02-06T15:02:15Z,7e7d5d8c97a8904890a2adfd4ee81cb8faa20ab9,5357,size_in_bytes,lib/ocaml/compiler-libs/dwarf_high__Dwarf_attribute_helpers.cmx,365348
2026-02-06T15:02:15Z,7e7d5d8c97a8904890a2adfd4ee81cb8faa20ab9,5357,size_in_bytes,lib/ocaml/compiler-libs/peephole_rules.cmx,11461
2026-02-06T15:02:15Z,7e7d5d8c97a8904890a2adfd4ee81cb8faa20ab9,5357,size_in_bytes,lib/ocaml/compiler-libs/cfg_selectgen_target_intf.cmx,9899
2026-02-06T15:02:15Z,7e7d5d8c97a8904890a2adfd4ee81cb8faa20ab9,5357,size_in_bytes,lib/ocaml/compiler-libs/measure_object_files.cmx,12645
2026-02-06T15:02:15Z,7e7d5d8c97a8904890a2adfd4ee81cb8faa20ab9,5357,size_in_bytes,lib/ocaml/compiler-libs/cfg_cse_target_intf.cmx,9516
2026-02-06T15:02:15Z,7e7d5d8c97a8904890a2adfd4ee81cb8faa20ab9,5357,size_in_bytes,lib/ocaml/compiler-libs/dwarf_high.cmx,471
2026-02-06T15:02:15Z,7e7d5d8c97a8904890a2adfd4ee81cb8faa20ab9,5357,size_in_bytes,lib/ocaml/compiler-libs/printtyped.cmx,595199
2026-02-06T15:02:15Z,7e7d5d8c97a8904890a2adfd4ee81cb8faa20ab9,5357,size_in_bytes,lib/ocaml/compiler-libs/cfg.cmx,76643
2026-02-06T15:02:15Z,7e7d5d8c97a8904890a2adfd4ee81cb8faa20ab9,5357,size_in_bytes,lib/ocaml/compiler-libs/cfg_deadcode.cmx,11620
2026-02-06T15:02:15Z,7e7d5d8c97a8904890a2adfd4ee81cb8faa20ab9,5357,size_in_bytes,lib/ocaml/compiler-libs/strongly_connected_components.cmx,82034
2026-02-06T15:02:15Z,7e7d5d8c97a8904890a2adfd4ee81cb8faa20ab9,5357,size_in_bytes,lib/ocaml/compiler-libs/regalloc_irc_utils.cmx,30780
2026-02-06T15:02:15Z,7e7d5d8c97a8904890a2adfd4ee81cb8faa20ab9,5357,size_in_bytes,lib/ocaml/compiler-libs/instructionId.cmx,12328
2026-02-06T15:02:15Z,7e7d5d8c97a8904890a2adfd4ee81cb8faa20ab9,5357,size_in_bytes,lib/ocaml/compiler-libs/peephole_optimize.cmx,11310
2026-02-06T15:02:15Z,7e7d5d8c97a8904890a2adfd4ee81cb8faa20ab9,5357,size_in_bytes,lib/ocaml/compiler-libs/relocation_entry.cmx,4396
2026-02-06T15:02:15Z,7e7d5d8c97a8904890a2adfd4ee81cb8faa20ab9,5357,size_in_bytes,lib/ocaml/compiler-libs/env.cmx,847972
2026-02-06T15:02:15Z,7e7d5d8c97a8904890a2adfd4ee81cb8faa20ab9,5357,size_in_bytes,lib/ocaml/compiler-libs/jit_backend.cmx,31019
2026-02-06T15:02:15Z,7e7d5d8c97a8904890a2adfd4ee81cb8faa20ab9,5357,size_in_bytes,lib/ocaml/compiler-libs/cfg_format.cmx,12398
2026-02-06T15:02:15Z,7e7d5d8c97a8904890a2adfd4ee81cb8faa20ab9,5357,size_in_bytes,lib/ocaml/compiler-libs/tast_iterator.cmx,64636
2026-02-06T15:02:15Z,7e7d5d8c97a8904890a2adfd4ee81cb8faa20ab9,5357,size_in_bytes,lib/ocaml/compiler-libs/x86_masm.cmx,3532
2026-02-06T15:02:15Z,7e7d5d8c97a8904890a2adfd4ee81cb8faa20ab9,5357,size_in_bytes,lib/ocaml/compiler-libs/numbers.cmx,148899
2026-02-06T15:02:15Z,7e7d5d8c97a8904890a2adfd4ee81cb8faa20ab9,5357,size_in_bytes,lib/ocaml/compiler-libs/dwarf_low__Abbreviations_table.cmx,48808
2026-02-06T15:02:15Z,7e7d5d8c97a8904890a2adfd4ee81cb8faa20ab9,5357,size_in_bytes,lib/ocaml/compiler-libs/mixed_product_bytes.cmx,16412
2026-02-06T15:02:15Z,7e7d5d8c97a8904890a2adfd4ee81cb8faa20ab9,5357,size_in_bytes,lib/ocaml/compiler-libs/internal_assembler.cmx,14757
2026-02-06T15:02:15Z,7e7d5d8c97a8904890a2adfd4ee81cb8faa20ab9,5357,size_in_bytes,lib/ocaml/compiler-libs/ident.cmx,99789
2026-02-06T15:02:15Z,7e7d5d8c97a8904890a2adfd4ee81cb8faa20ab9,5357,size_in_bytes,lib/ocaml/compiler-libs/cfg_polling.cmx,13803
2026-02-06T15:02:15Z,7e7d5d8c97a8904890a2adfd4ee81cb8faa20ab9,5357,size_in_bytes,lib/ocaml/compiler-libs/dwarf_low__Dwarf_tag.cmx,62502
2026-02-06T15:02:15Z,7e7d5d8c97a8904890a2adfd4ee81cb8faa20ab9,5357,size_in_bytes,lib/ocaml/compiler-libs/dwarf_low__Range_list_table.cmx,143502
2026-02-06T15:02:15Z,7e7d5d8c97a8904890a2adfd4ee81cb8faa20ab9,5357,size_in_bytes,lib/ocaml/compiler-libs/extra_debug.cmx,10948
2026-02-06T15:02:15Z,7e7d5d8c97a8904890a2adfd4ee81cb8faa20ab9,5357,size_in_bytes,lib/ocaml/compiler-libs/uniqueness_analysis.cmx,158375
2026-02-06T15:02:15Z,7e7d5d8c97a8904890a2adfd4ee81cb8faa20ab9,5357,size_in_bytes,lib/ocaml/compiler-libs/dwarf_low__Range_list.cmx,26347
2026-02-06T15:02:15Z,7e7d5d8c97a8904890a2adfd4ee81cb8faa20ab9,5357,size_in_bytes,lib/ocaml/compiler-libs/runtime_shape.cmx,81687
2026-02-06T15:02:15Z,7e7d5d8c97a8904890a2adfd4ee81cb8faa20ab9,5357,size_in_bytes,lib/ocaml/compiler-libs/parmatch.cmx,133069
2026-02-06T15:02:15Z,7e7d5d8c97a8904890a2adfd4ee81cb8faa20ab9,5357,size_in_bytes,lib/ocaml/compiler-libs/CSE.cmx,12859
2026-02-06T15:02:15Z,7e7d5d8c97a8904890a2adfd4ee81cb8faa20ab9,5357,size_in_bytes,lib/ocaml/compiler-libs/linear.cmx,15446
2026-02-06T15:02:15Z,7e7d5d8c97a8904890a2adfd4ee81cb8faa20ab9,5357,size_in_bytes,lib/ocaml/compiler-libs/arch.cmx,47820
2026-02-06T15:02:15Z,7e7d5d8c97a8904890a2adfd4ee81cb8faa20ab9,5357,size_in_bytes,lib/ocaml/compiler-libs/dwarf_high__Dwarf_world.cmx,46345
2026-02-06T15:02:15Z,7e7d5d8c97a8904890a2adfd4ee81cb8faa20ab9,5357,size_in_bytes,lib/ocaml/compiler-libs/binary_emitter_verify.cmx,8493
2026-02-06T15:02:15Z,7e7d5d8c97a8904890a2adfd4ee81cb8faa20ab9,5357,size_in_bytes,lib/ocaml/compiler-libs/asm_targets__Asm_directives_dwarf.cmx,1757
2026-02-06T15:02:15Z,7e7d5d8c97a8904890a2adfd4ee81cb8faa20ab9,5357,size_in_bytes,lib/ocaml/compiler-libs/section_table.cmx,12434
2026-02-06T15:02:15Z,7e7d5d8c97a8904890a2adfd4ee81cb8faa20ab9,5357,size_in_bytes,lib/ocaml/compiler-libs/regalloc_ls_utils.cmx,42194
2026-02-06T15:02:15Z,7e7d5d8c97a8904890a2adfd4ee81cb8faa20ab9,5357,size_in_bytes,lib/ocaml/compiler-libs/dwarf_low__Dwarf_value.cmx,116761
2026-02-06T15:02:15Z,7e7d5d8c97a8904890a2adfd4ee81cb8faa20ab9,5357,size_in_bytes,lib/ocaml/compiler-libs/cfg_loop_infos.cmx,26278
2026-02-06T15:02:15Z,7e7d5d8c97a8904890a2adfd4ee81cb8faa20ab9,5357,size_in_bytes,lib/ocaml/compiler-libs/byteinstantiator.cmx,21248
2026-02-06T15:02:15Z,7e7d5d8c97a8904890a2adfd4ee81cb8faa20ab9,5357,size_in_bytes,lib/ocaml/compiler-libs/compmisc.cmx,14133
2026-02-06T15:02:15Z,7e7d5d8c97a8904890a2adfd4ee81cb8faa20ab9,5357,size_in_bytes,lib/ocaml/compiler-libs/dwarf_low__Debug_ranges_table.cmx,39222
2026-02-06T15:02:15Z,7e7d5d8c97a8904890a2adfd4ee81cb8faa20ab9,5357,size_in_bytes,lib/ocaml/compiler-libs/dwarf_low__Dwarf_attributes.cmx,230178
2026-02-06T15:02:15Z,7e7d5d8c97a8904890a2adfd4ee81cb8faa20ab9,5357,size_in_bytes,lib/ocaml/compiler-libs/profile.cmx,35135
2026-02-06T15:02:15Z,7e7d5d8c97a8904890a2adfd4ee81cb8faa20ab9,5357,size_in_bytes,lib/ocaml/compiler-libs/cfg_invariants.cmx,13445
2026-02-06T15:02:15Z,7e7d5d8c97a8904890a2adfd4ee81cb8faa20ab9,5357,size_in_bytes,lib/ocaml/compiler-libs/dwarf_low__Dwarf_emittable.cmx,1103
2026-02-06T15:02:15Z,7e7d5d8c97a8904890a2adfd4ee81cb8faa20ab9,5357,size_in_bytes,lib/ocaml/compiler-libs/symbol_table.cmx,20236
2026-02-06T15:02:15Z,7e7d5d8c97a8904890a2adfd4ee81cb8faa20ab9,5357,size_in_bytes,lib/ocaml/compiler-libs/dissector_log.cmx,3611
2026-02-06T15:02:15Z,7e7d5d8c97a8904890a2adfd4ee81cb8faa20ab9,5357,size_in_bytes,lib/ocaml/compiler-libs/stack_class_utils.cmx,78890
2026-02-06T15:02:15Z,7e7d5d8c97a8904890a2adfd4ee81cb8faa20ab9,5357,size_in_bytes,lib/ocaml/compiler-libs/jkind.cmx,176563
2026-02-06T15:02:15Z,7e7d5d8c97a8904890a2adfd4ee81cb8faa20ab9,5357,size_in_bytes,lib/ocaml/compiler-libs/regalloc_utils.cmx,133540
2026-02-06T15:02:15Z,7e7d5d8c97a8904890a2adfd4ee81cb8faa20ab9,5357,size_in_bytes,lib/ocaml/compiler-libs/asm_targets__Asm_section.cmx,30802
2026-02-06T15:02:15Z,7e7d5d8c97a8904890a2adfd4ee81cb8faa20ab9,5357,size_in_bytes,lib/ocaml/compiler-libs/cmmgen_state.cmx,23356
2026-02-06T15:02:15Z,7e7d5d8c97a8904890a2adfd4ee81cb8faa20ab9,5357,size_in_bytes,lib/ocaml/compiler-libs/dwarf_low__Composite_location_description.cmx,41456
2026-02-06T15:02:15Z,7e7d5d8c97a8904890a2adfd4ee81cb8faa20ab9,5357,size_in_bytes,lib/ocaml/compiler-libs/zero_alloc_checker.cmx,48682
2026-02-06T15:02:15Z,7e7d5d8c97a8904890a2adfd4ee81cb8faa20ab9,5357,size_in_bytes,lib/ocaml/compiler-libs/cmm.cmx,50737
2026-02-06T15:02:15Z,7e7d5d8c97a8904890a2adfd4ee81cb8faa20ab9,5357,size_in_bytes,lib/ocaml/compiler-libs/printoperation.cmx,16240
2026-02-06T15:02:15Z,7e7d5d8c97a8904890a2adfd4ee81cb8faa20ab9,5357,size_in_bytes,lib/ocaml/compiler-libs/transl_array_comprehension.cmx,8699
2026-02-06T15:02:15Z,7e7d5d8c97a8904890a2adfd4ee81cb8faa20ab9,5357,size_in_bytes,lib/ocaml/compiler-libs/stack_class.cmx,49302
2026-02-06T15:02:15Z,7e7d5d8c97a8904890a2adfd4ee81cb8faa20ab9,5357,size_in_bytes,lib/ocaml/compiler-libs/opterrors.cmx,879
2026-02-06T15:02:15Z,7e7d5d8c97a8904890a2adfd4ee81cb8faa20ab9,5357,size_in_bytes,lib/ocaml/compiler-libs/bytepackager.cmx,9699
2026-02-06T15:02:15Z,7e7d5d8c97a8904890a2adfd4ee81cb8faa20ab9,5357,size_in_bytes,lib/ocaml/compiler-libs/value_rec_compiler.cmx,9457
2026-02-06T15:02:15Z,7e7d5d8c97a8904890a2adfd4ee81cb8faa20ab9,5357,size_in_bytes,lib/ocaml/compiler-libs/type_shape.cmx,29094
2026-02-06T15:02:15Z,7e7d5d8c97a8904890a2adfd4ee81cb8faa20ab9,5357,size_in_bytes,lib/ocaml/compiler-libs/predef.cmx,78988
2026-02-06T15:02:15Z,7e7d5d8c97a8904890a2adfd4ee81cb8faa20ab9,5357,size_in_bytes,lib/ocaml/compiler-libs/x86_dsl.cmx,102198
2026-02-06T15:02:15Z,7e7d5d8c97a8904890a2adfd4ee81cb8faa20ab9,5357,size_in_bytes,lib/ocaml/compiler-libs/partition.cmx,12597
2026-02-06T15:02:15Z,7e7d5d8c97a8904890a2adfd4ee81cb8faa20ab9,5357,size_in_bytes,lib/ocaml/compiler-libs/typedecl_properties.cmx,10668
2026-02-06T15:02:15Z,7e7d5d8c97a8904890a2adfd4ee81cb8faa20ab9,5357,size_in_bytes,lib/ocaml/compiler-libs/subst.cmx,128600
2026-02-06T15:02:15Z,7e7d5d8c97a8904890a2adfd4ee81cb8faa20ab9,5357,size_in_bytes,lib/ocaml/compiler-libs/includemod.cmx,88084
2026-02-06T15:02:15Z,7e7d5d8c97a8904890a2adfd4ee81cb8faa20ab9,5357,size_in_bytes,lib/ocaml/compiler-libs/parser.cmx,818752
2026-02-06T15:02:15Z,7e7d5d8c97a8904890a2adfd4ee81cb8faa20ab9,5357,size_in_bytes,lib/ocaml/compiler-libs/regalloc_affinity.cmx,13199
2026-02-06T15:02:15Z,7e7d5d8c97a8904890a2adfd4ee81cb8faa20ab9,5357,size_in_bytes,lib/ocaml/compiler-libs/translmod.cmx,22491
2026-02-06T15:02:15Z,7e7d5d8c97a8904890a2adfd4ee81cb8faa20ab9,5357,size_in_bytes,lib/ocaml/compiler-libs/dll.cmx,10667
2026-02-06T15:02:15Z,7e7d5d8c97a8904890a2adfd4ee81cb8faa20ab9,5357,size_in_bytes,lib/ocaml/compiler-libs/compilation_unit.cmx,187810
2026-02-06T15:02:15Z,7e7d5d8c97a8904890a2adfd4ee81cb8faa20ab9,5357,size_in_bytes,lib/ocaml/compiler-libs/amd64_simd_instrs.cmx,1070229
2026-02-06T15:02:15Z,7e7d5d8c97a8904890a2adfd4ee81cb8faa20ab9,5357,size_in_bytes,lib/ocaml/compiler-libs/dwarf_low__Location_list_entry.cmx,49946
2026-02-06T15:02:15Z,7e7d5d8c97a8904890a2adfd4ee81cb8faa20ab9,5357,size_in_bytes,lib/ocaml/compiler-libs/identifiable.cmx,261261
2026-02-06T15:02:15Z,7e7d5d8c97a8904890a2adfd4ee81cb8faa20ab9,5357,size_in_bytes,lib/ocaml/compiler-libs/zero_alloc_info.cmx,10866
2026-02-06T15:02:15Z,7e7d5d8c97a8904890a2adfd4ee81cb8faa20ab9,5357,size_in_bytes,lib/ocaml/compiler-libs/vicuna_value_shapes.cmx,3291
2026-02-06T15:02:15Z,7e7d5d8c97a8904890a2adfd4ee81cb8faa20ab9,5357,size_in_bytes,lib/ocaml/compiler-libs/printslambda0.cmx,1558
2026-02-06T15:02:15Z,7e7d5d8c97a8904890a2adfd4ee81cb8faa20ab9,5357,size_in_bytes,lib/ocaml/compiler-libs/select_utils.cmx,105142
2026-02-06T15:02:15Z,7e7d5d8c97a8904890a2adfd4ee81cb8faa20ab9,5357,size_in_bytes,lib/ocaml/compiler-libs/zero_alloc_utils.cmx,107055
2026-02-06T15:02:15Z,7e7d5d8c97a8904890a2adfd4ee81cb8faa20ab9,5357,size_in_bytes,lib/ocaml/compiler-libs/maindriver.cmx,5699
2026-02-06T15:02:15Z,7e7d5d8c97a8904890a2adfd4ee81cb8faa20ab9,5357,size_in_bytes,lib/ocaml/compiler-libs/regalloc_stack_operands.cmx,12699
2026-02-06T15:02:15Z,7e7d5d8c97a8904890a2adfd4ee81cb8faa20ab9,5357,size_in_bytes,lib/ocaml/compiler-libs/compile.cmx,19633
2026-02-06T15:02:15Z,7e7d5d8c97a8904890a2adfd4ee81cb8faa20ab9,5357,size_in_bytes,lib/ocaml/compiler-libs/printinstr.cmx,6111
2026-02-06T15:02:15Z,7e7d5d8c97a8904890a2adfd4ee81cb8faa20ab9,5357,size_in_bytes,lib/ocaml/compiler-libs/x86_gas.cmx,3826
2026-02-06T15:02:15Z,7e7d5d8c97a8904890a2adfd4ee81cb8faa20ab9,5357,size_in_bytes,lib/ocaml/compiler-libs/linker_script.cmx,2749
2026-02-06T15:02:15Z,7e7d5d8c97a8904890a2adfd4ee81cb8faa20ab9,5357,size_in_bytes,lib/ocaml/compiler-libs/pprintast.cmx,72856
2026-02-06T15:02:15Z,7e7d5d8c97a8904890a2adfd4ee81cb8faa20ab9,5357,size_in_bytes,lib/ocaml/compiler-libs/parser_types.cmx,891
2026-02-06T15:02:15Z,7e7d5d8c97a8904890a2adfd4ee81cb8faa20ab9,5357,size_in_bytes,lib/ocaml/compiler-libs/typedtree.cmx,97578
2026-02-06T15:02:15Z,7e7d5d8c97a8904890a2adfd4ee81cb8faa20ab9,5357,size_in_bytes,lib/ocaml/compiler-libs/symbol.cmx,83631
2026-02-06T15:02:15Z,7e7d5d8c97a8904890a2adfd4ee81cb8faa20ab9,5357,size_in_bytes,lib/ocaml/compiler-libs/cfg_selection.cmx,47595
2026-02-06T15:02:15Z,7e7d5d8c97a8904890a2adfd4ee81cb8faa20ab9,5357,size_in_bytes,lib/ocaml/compiler-libs/typedecl.cmx,62690
2026-02-06T15:02:15Z,7e7d5d8c97a8904890a2adfd4ee81cb8faa20ab9,5357,size_in_bytes,lib/ocaml/compiler-libs/string_table.cmx,5245
2026-02-06T15:02:15Z,7e7d5d8c97a8904890a2adfd4ee81cb8faa20ab9,5357,size_in_bytes,lib/ocaml/compiler-libs/cfg_with_layout.cmx,42151
2026-02-06T15:02:15Z,7e7d5d8c97a8904890a2adfd4ee81cb8faa20ab9,5357,size_in_bytes,lib/ocaml/compiler-libs/x86_ast_utils.cmx,12343
2026-02-06T15:02:15Z,7e7d5d8c97a8904890a2adfd4ee81cb8faa20ab9,5357,size_in_bytes,lib/ocaml/compiler-libs/debug.cmx,2287
2026-02-06T15:02:15Z,7e7d5d8c97a8904890a2adfd4ee81cb8faa20ab9,5357,size_in_bytes,lib/ocaml/compiler-libs/dwarf_low__Simple_location_description.cmx,21823
2026-02-06T15:02:15Z,7e7d5d8c97a8904890a2adfd4ee81cb8faa20ab9,5357,size_in_bytes,lib/ocaml/compiler-libs/primitive.cmx,41156
2026-02-06T15:02:15Z,7e7d5d8c97a8904890a2adfd4ee81cb8faa20ab9,5357,size_in_bytes,lib/ocaml/compiler-libs/build_igot_and_iplt.cmx,10160
2026-02-06T15:02:15Z,7e7d5d8c97a8904890a2adfd4ee81cb8faa20ab9,5357,size_in_bytes,lib/ocaml/compiler-libs/cfg_prologue.cmx,20474
2026-02-06T15:02:15Z,7e7d5d8c97a8904890a2adfd4ee81cb8faa20ab9,5357,size_in_bytes,lib/ocaml/compiler-libs/regalloc_split_utils.cmx,40832
2026-02-06T15:02:15Z,7e7d5d8c97a8904890a2adfd4ee81cb8faa20ab9,5357,size_in_bytes,lib/ocaml/compiler-libs/load_path.cmx,32175
2026-02-06T15:02:15Z,7e7d5d8c97a8904890a2adfd4ee81cb8faa20ab9,5357,size_in_bytes,lib/ocaml/compiler-libs/patterns.cmx,18037
2026-02-06T15:02:15Z,7e7d5d8c97a8904890a2adfd4ee81cb8faa20ab9,5357,size_in_bytes,lib/ocaml/compiler-libs/probe_emission.cmx,17285
2026-02-06T15:02:15Z,7e7d5d8c97a8904890a2adfd4ee81cb8faa20ab9,5357,size_in_bytes,lib/ocaml/compiler-libs/target_system.cmx,16271
2026-02-06T15:02:15Z,7e7d5d8c97a8904890a2adfd4ee81cb8faa20ab9,5357,size_in_bytes,lib/ocaml/compiler-libs/bytegen.cmx,15958
2026-02-06T15:02:15Z,7e7d5d8c97a8904890a2adfd4ee81cb8faa20ab9,5357,size_in_bytes,lib/ocaml/compiler-libs/dwarf_low__Dwarf_4_location_list_entry.cmx,112799
2026-02-06T15:02:15Z,7e7d5d8c97a8904890a2adfd4ee81cb8faa20ab9,5357,size_in_bytes,lib/ocaml/compiler-libs/dwarf_concrete_instances.cmx,14198
2026-02-06T15:02:15Z,7e7d5d8c97a8904890a2adfd4ee81cb8faa20ab9,5357,size_in_bytes,lib/ocaml/compiler-libs/emitaux.cmx,32860
2026-02-06T15:02:15Z,7e7d5d8c97a8904890a2adfd4ee81cb8faa20ab9,5357,size_in_bytes,lib/ocaml/compiler-libs/regalloc_invariants.cmx,15397
2026-02-06T15:02:15Z,7e7d5d8c97a8904890a2adfd4ee81cb8faa20ab9,5357,size_in_bytes,lib/ocaml/compiler-libs/simplif.cmx,20123
2026-02-06T15:02:15Z,7e7d5d8c97a8904890a2adfd4ee81cb8faa20ab9,5357,size_in_bytes,lib/ocaml/compiler-libs/instantiator.cmx,6356
2026-02-06T15:02:15Z,7e7d5d8c97a8904890a2adfd4ee81cb8faa20ab9,5357,size_in_bytes,lib/ocaml/compiler-libs/form_rewrite_plan.cmx,87160
2026-02-06T15:02:15Z,7e7d5d8c97a8904890a2adfd4ee81cb8faa20ab9,5357,size_in_bytes,lib/ocaml/compiler-libs/lambda.cmx,208598
2026-02-06T15:02:15Z,7e7d5d8c97a8904890a2adfd4ee81cb8faa20ab9,5357,size_in_bytes,lib/ocaml/compiler-libs/slambda.cmx,2648
2026-02-06T15:02:15Z,7e7d5d8c97a8904890a2adfd4ee81cb8faa20ab9,5357,size_in_bytes,lib/ocaml/compiler-libs/branch_relaxation.cmx,73448
2026-02-06T15:02:15Z,7e7d5d8c97a8904890a2adfd4ee81cb8faa20ab9,5357,size_in_bytes,lib/ocaml/compiler-libs/makedepend.cmx,13526
2026-02-06T15:02:15Z,7e7d5d8c97a8904890a2adfd4ee81cb8faa20ab9,5357,size_in_bytes,lib/ocaml/compiler-libs/typemod.cmx,81041
2026-02-06T15:02:15Z,7e7d5d8c97a8904890a2adfd4ee81cb8faa20ab9,5357,size_in_bytes,lib/ocaml/compiler-libs/camlinternalMenhirLib.cmx,519861
2026-02-06T15:02:15Z,7e7d5d8c97a8904890a2adfd4ee81cb8faa20ab9,5357,size_in_bytes,lib/ocaml/compiler-libs/ast_invariants.cmx,34231
2026-02-06T15:02:15Z,7e7d5d8c97a8904890a2adfd4ee81cb8faa20ab9,5357,size_in_bytes,lib/ocaml/compiler-libs/config.cmx,12889
2026-02-06T15:02:15Z,7e7d5d8c97a8904890a2adfd4ee81cb8faa20ab9,5357,size_in_bytes,lib/ocaml/compiler-libs/priority_queue.cmx,59814
2026-02-06T15:02:15Z,7e7d5d8c97a8904890a2adfd4ee81cb8faa20ab9,5357,size_in_bytes,lib/ocaml/compiler-libs/printblambda.cmx,12775
2026-02-06T15:02:15Z,7e7d5d8c97a8904890a2adfd4ee81cb8faa20ab9,5357,size_in_bytes,lib/ocaml/compiler-libs/compenv.cmx,30950
2026-02-06T15:02:15Z,7e7d5d8c97a8904890a2adfd4ee81cb8faa20ab9,5357,size_in_bytes,lib/ocaml/compiler-libs/simd.cmx,136058
2026-02-06T15:02:15Z,7e7d5d8c97a8904890a2adfd4ee81cb8faa20ab9,5357,size_in_bytes,lib/ocaml/compiler-libs/operation.cmx,27921
2026-02-06T15:02:15Z,7e7d5d8c97a8904890a2adfd4ee81cb8faa20ab9,5357,size_in_bytes,lib/ocaml/compiler-libs/cfg_edge.cmx,57808
2026-02-06T15:02:15Z,7e7d5d8c97a8904890a2adfd4ee81cb8faa20ab9,5357,size_in_bytes,lib/ocaml/compiler-libs/asmlink.cmx,21314
2026-02-06T15:02:15Z,7e7d5d8c97a8904890a2adfd4ee81cb8faa20ab9,5357,size_in_bytes,lib/ocaml/compiler-libs/regalloc_ls.cmx,16293
2026-02-06T15:02:15Z,7e7d5d8c97a8904890a2adfd4ee81cb8faa20ab9,5357,size_in_bytes,lib/ocaml/compiler-libs/linear_utils.cmx,10843
2026-02-06T15:02:15Z,7e7d5d8c97a8904890a2adfd4ee81cb8faa20ab9,5357,size_in_bytes,lib/ocaml/compiler-libs/cfg_available_regs.cmx,15135
2026-02-06T15:02:15Z,7e7d5d8c97a8904890a2adfd4ee81cb8faa20ab9,5357,size_in_bytes,lib/ocaml/compiler-libs/peephole_utils.cmx,25709
2026-02-06T15:02:15Z,7e7d5d8c97a8904890a2adfd4ee81cb8faa20ab9,5357,size_in_bytes,lib/ocaml/compiler-libs/dwarf_low__Dwarf_operator.cmx,177908
2026-02-06T15:02:15Z,7e7d5d8c97a8904890a2adfd4ee81cb8faa20ab9,5357,size_in_bytes,lib/ocaml/compiler-libs/language_extension.cmx,47964
2026-02-06T15:02:15Z,7e7d5d8c97a8904890a2adfd4ee81cb8faa20ab9,5357,size_in_bytes,lib/ocaml/compiler-libs/translcore.cmx,246870
2026-02-06T15:02:15Z,7e7d5d8c97a8904890a2adfd4ee81cb8faa20ab9,5357,size_in_bytes,lib/ocaml/compiler-libs/translprim.cmx,42498
2026-02-06T15:02:15Z,7e7d5d8c97a8904890a2adfd4ee81cb8faa20ab9,5357,size_in_bytes,lib/ocaml/compiler-libs/mode.cmx,1569971
2026-02-06T15:02:15Z,7e7d5d8c97a8904890a2adfd4ee81cb8faa20ab9,5357,size_in_bytes,lib/ocaml/compiler-libs/reg.cmx,170510
2026-02-06T15:02:15Z,7e7d5d8c97a8904890a2adfd4ee81cb8faa20ab9,5357,size_in_bytes,lib/ocaml/compiler-libs/simplify_terminator.cmx,14990
2026-02-06T15:02:15Z,7e7d5d8c97a8904890a2adfd4ee81cb8faa20ab9,5357,size_in_bytes,lib/ocaml/compiler-libs/jkind_types.cmx,129195
2026-02-06T15:02:15Z,7e7d5d8c97a8904890a2adfd4ee81cb8faa20ab9,5357,size_in_bytes,lib/ocaml/compiler-libs/switch.cmx,394057
2026-02-06T15:02:15Z,7e7d5d8c97a8904890a2adfd4ee81cb8faa20ab9,5357,size_in_bytes,lib/ocaml/compiler-libs/dwarf_abstract_instances.cmx,7559
2026-02-06T15:02:15Z,7e7d5d8c97a8904890a2adfd4ee81cb8faa20ab9,5357,size_in_bytes,lib/ocaml/compiler-libs/ccomp.cmx,14271
2026-02-06T15:02:15Z,7e7d5d8c97a8904890a2adfd4ee81cb8faa20ab9,5357,size_in_bytes,lib/ocaml/compiler-libs/dwarf_flags.cmx,85108
2026-02-06T15:02:15Z,7e7d5d8c97a8904890a2adfd4ee81cb8faa20ab9,5357,size_in_bytes,lib/ocaml/compiler-libs/cm_bundle.cmx,13277
2026-02-06T15:02:15Z,7e7d5d8c97a8904890a2adfd4ee81cb8faa20ab9,5357,size_in_bytes,lib/ocaml/compiler-libs/rewrite_sections.cmx,5330
2026-02-06T15:02:15Z,7e7d5d8c97a8904890a2adfd4ee81cb8faa20ab9,5357,size_in_bytes,lib/ocaml/compiler-libs/regalloc_gi_state.cmx,38928
2026-02-06T15:02:15Z,7e7d5d8c97a8904890a2adfd4ee81cb8faa20ab9,5357,size_in_bytes,lib/ocaml/compiler-libs/persistent_env.cmx,78014
2026-02-06T15:02:15Z,7e7d5d8c97a8904890a2adfd4ee81cb8faa20ab9,5357,size_in_bytes,lib/ocaml/compiler-libs/oxcaml_utils__Doubly_linked_list.cmx,209628
2026-02-06T15:02:15Z,7e7d5d8c97a8904890a2adfd4ee81cb8faa20ab9,5357,size_in_bytes,lib/ocaml/compiler-libs/untypeast.cmx,99081
2026-02-06T15:02:15Z,7e7d5d8c97a8904890a2adfd4ee81cb8faa20ab9,5357,size_in_bytes,lib/ocaml/compiler-libs/regalloc_split_state.cmx,25002
2026-02-06T15:02:15Z,7e7d5d8c97a8904890a2adfd4ee81cb8faa20ab9,5357,size_in_bytes,lib/ocaml/compiler-libs/ast_helper.cmx,638572
2026-02-06T15:02:15Z,7e7d5d8c97a8904890a2adfd4ee81cb8faa20ab9,5357,size_in_bytes,lib/ocaml/compiler-libs/igot.cmx,24223
2026-02-06T15:02:15Z,7e7d5d8c97a8904890a2adfd4ee81cb8faa20ab9,5357,size_in_bytes,lib/ocaml/compiler-libs/includeclass.cmx,11387
2026-02-06T15:02:15Z,7e7d5d8c97a8904890a2adfd4ee81cb8faa20ab9,5357,size_in_bytes,lib/ocaml/compiler-libs/dwarf_high__Operator_builder.cmx,132165
2026-02-06T15:02:15Z,7e7d5d8c97a8904890a2adfd4ee81cb8faa20ab9,5357,size_in_bytes,lib/ocaml/compiler-libs/diffing_with_keys.cmx,116701
2026-02-06T15:02:15Z,7e7d5d8c97a8904890a2adfd4ee81cb8faa20ab9,5357,size_in_bytes,lib/ocaml/compiler-libs/compute_ranges_intf.cmx,9757
2026-02-06T15:02:15Z,7e7d5d8c97a8904890a2adfd4ee81cb8faa20ab9,5357,size_in_bytes,lib/ocaml/compiler-libs/simd_selection.cmx,62945
2026-02-06T15:02:15Z,7e7d5d8c97a8904890a2adfd4ee81cb8faa20ab9,5357,size_in_bytes,lib/ocaml/compiler-libs/dissector.cmx,12983
2026-02-06T15:02:15Z,7e7d5d8c97a8904890a2adfd4ee81cb8faa20ab9,5357,size_in_bytes,lib/ocaml/compiler-libs/regalloc_irc_state.cmx,490515
2026-02-06T15:02:15Z,7e7d5d8c97a8904890a2adfd4ee81cb8faa20ab9,5357,size_in_bytes,lib/ocaml/compiler-libs/local_store.cmx,6393
2026-02-06T15:02:15Z,7e7d5d8c97a8904890a2adfd4ee81cb8faa20ab9,5357,size_in_bytes,lib/ocaml/compiler-libs/solver.cmx,881662
2026-02-06T15:02:15Z,7e7d5d8c97a8904890a2adfd4ee81cb8faa20ab9,5357,size_in_bytes,lib/ocaml/compiler-libs/static_label.cmx,7948
2026-02-06T15:02:15Z,7e7d5d8c97a8904890a2adfd4ee81cb8faa20ab9,5357,size_in_bytes,lib/ocaml/compiler-libs/bytelibrarian.cmx,7319
2026-02-06T15:02:15Z,7e7d5d8c97a8904890a2adfd4ee81cb8faa20ab9,5357,size_in_bytes,lib/ocaml/compiler-libs/asm_targets.cmx,423
2026-02-06T15:02:15Z,7e7d5d8c97a8904890a2adfd4ee81cb8faa20ab9,5357,size_in_bytes,lib/ocaml/compiler-libs/cfg_to_linear.cmx,13998
2026-02-06T15:02:15Z,7e7d5d8c97a8904890a2adfd4ee81cb8faa20ab9,5357,size_in_bytes,lib/ocaml/compiler-libs/opcodes.cmx,5983
2026-02-06T15:02:15Z,7e7d5d8c97a8904890a2adfd4ee81cb8faa20ab9,5357,size_in_bytes,lib/ocaml/compiler-libs/language_extension_kernel.cmx,1217
2026-02-06T15:02:15Z,7e7d5d8c97a8904890a2adfd4ee81cb8faa20ab9,5357,size_in_bytes,lib/ocaml/compiler-libs/arrayset.cmx,51366
2026-02-06T15:02:15Z,7e7d5d8c97a8904890a2adfd4ee81cb8faa20ab9,5357,size_in_bytes,lib/ocaml/compiler-libs/optlibrarian.cmx,126813
2026-02-06T15:02:15Z,7e7d5d8c97a8904890a2adfd4ee81cb8faa20ab9,5357,size_in_bytes,lib/ocaml/compiler-libs/optcomp_intf.cmx,9040
2026-02-06T15:02:15Z,7e7d5d8c97a8904890a2adfd4ee81cb8faa20ab9,5357,size_in_bytes,lib/ocaml/compiler-libs/consistbl.cmx,44877
2026-02-06T15:02:15Z,7e7d5d8c97a8904890a2adfd4ee81cb8faa20ab9,5357,size_in_bytes,lib/ocaml/compiler-libs/regalloc_interf_graph.cmx,119491
2026-02-06T15:02:15Z,7e7d5d8c97a8904890a2adfd4ee81cb8faa20ab9,5357,size_in_bytes,lib/ocaml/compiler-libs/dwarf_high__Simple_location_description_lang.cmx,191401
2026-02-06T15:02:15Z,7e7d5d8c97a8904890a2adfd4ee81cb8faa20ab9,5357,size_in_bytes,lib/ocaml/compiler-libs/profile_counters_functions.cmx,5316
2026-02-06T15:02:15Z,7e7d5d8c97a8904890a2adfd4ee81cb8faa20ab9,5357,size_in_bytes,lib/ocaml/compiler-libs/build_linker_args.cmx,5863
2026-02-06T15:02:15Z,7e7d5d8c97a8904890a2adfd4ee81cb8faa20ab9,5357,size_in_bytes,lib/ocaml/compiler-libs/x86_proc.cmx,95746
2026-02-06T15:02:15Z,7e7d5d8c97a8904890a2adfd4ee81cb8faa20ab9,5357,size_in_bytes,lib/ocaml/compiler-libs/slambdaeval.cmx,8762
2026-02-06T15:02:15Z,7e7d5d8c97a8904890a2adfd4ee81cb8faa20ab9,5357,size_in_bytes,lib/ocaml/compiler-libs/includemod_errorprinter.cmx,28938
2026-02-06T15:02:15Z,7e7d5d8c97a8904890a2adfd4ee81cb8faa20ab9,5357,size_in_bytes,lib/ocaml/compiler-libs/typeclass.cmx,32186
2026-02-06T15:02:15Z,7e7d5d8c97a8904890a2adfd4ee81cb8faa20ab9,5357,size_in_bytes,lib/ocaml/compiler-libs/import_info.cmx,27365
2026-02-06T15:02:15Z,7e7d5d8c97a8904890a2adfd4ee81cb8faa20ab9,5357,size_in_bytes,lib/ocaml/compiler-libs/dwarf.cmx,17569
2026-02-06T15:02:15Z,7e7d5d8c97a8904890a2adfd4ee81cb8faa20ab9,5357,size_in_bytes,lib/ocaml/compiler-libs/typedecl_variance.cmx,41378
2026-02-06T15:02:15Z,7e7d5d8c97a8904890a2adfd4ee81cb8faa20ab9,5357,size_in_bytes,lib/ocaml/compiler-libs/debuginfo.cmx,68265
2026-02-06T15:02:15Z,7e7d5d8c97a8904890a2adfd4ee81cb8faa20ab9,5357,size_in_bytes,lib/ocaml/compiler-libs/cfg_stack_checks.cmx,12637
2026-02-06T15:02:15Z,7e7d5d8c97a8904890a2adfd4ee81cb8faa20ab9,5357,size_in_bytes,lib/ocaml/compiler-libs/is_parameter.cmx,64016
2026-02-06T15:02:15Z,7e7d5d8c97a8904890a2adfd4ee81cb8faa20ab9,5357,size_in_bytes,lib/ocaml/compiler-libs/printtyp.cmx,227555
2026-02-06T15:02:15Z,7e7d5d8c97a8904890a2adfd4ee81cb8faa20ab9,5357,size_in_bytes,lib/ocaml/compiler-libs/mtype.cmx,50061
2026-02-06T15:02:15Z,7e7d5d8c97a8904890a2adfd4ee81cb8faa20ab9,5357,size_in_bytes,lib/ocaml/compiler-libs/regalloc_validate.cmx,30427
2026-02-06T15:02:15Z,7e7d5d8c97a8904890a2adfd4ee81cb8faa20ab9,5357,size_in_bytes,lib/ocaml/compiler-libs/dwarf_low__Dwarf_int.cmx,75148
2026-02-06T15:02:15Z,7e7d5d8c97a8904890a2adfd4ee81cb8faa20ab9,5357,size_in_bytes,lib/ocaml/compiler-libs/printpat.cmx,16314
2026-02-06T15:02:15Z,7e7d5d8c97a8904890a2adfd4ee81cb8faa20ab9,5357,size_in_bytes,lib/ocaml/compiler-libs/dwarf_name_laundry.cmx,4843
2026-02-06T15:02:15Z,7e7d5d8c97a8904890a2adfd4ee81cb8faa20ab9,5357,size_in_bytes,lib/ocaml/compiler-libs/binary_emitter_helpers.cmx,5745
2026-02-06T15:02:15Z,7e7d5d8c97a8904890a2adfd4ee81cb8faa20ab9,5357,size_in_bytes,lib/ocaml/compiler-libs/meta.cmx,2254
2026-02-06T15:02:15Z,7e7d5d8c97a8904890a2adfd4ee81cb8faa20ab9,5357,size_in_bytes,lib/ocaml/compiler-libs/cmt2annot.cmx,5293
2026-02-06T15:02:15Z,7e7d5d8c97a8904890a2adfd4ee81cb8faa20ab9,5357,size_in_bytes,lib/ocaml/compiler-libs/dwarf_low.cmx,1662
2026-02-06T15:02:15Z,7e7d5d8c97a8904890a2adfd4ee81cb8faa20ab9,5357,size_in_bytes,lib/ocaml/compiler-libs/regalloc_split.cmx,17184
2026-02-06T15:02:15Z,7e7d5d8c97a8904890a2adfd4ee81cb8faa20ab9,5357,size_in_bytes,lib/ocaml/compiler-libs/dwarf_low__Dwarf_language.cmx,14206
2026-02-06T15:02:15Z,7e7d5d8c97a8904890a2adfd4ee81cb8faa20ab9,5357,size_in_bytes,lib/ocaml/compiler-libs/bytesections.cmx,12358
2026-02-06T15:02:15Z,7e7d5d8c97a8904890a2adfd4ee81cb8faa20ab9,5357,size_in_bytes,lib/ocaml/compiler-libs/location_tracker_formatter.cmx,21875
2026-02-06T15:02:15Z,7e7d5d8c97a8904890a2adfd4ee81cb8faa20ab9,5357,size_in_bytes,lib/ocaml/compiler-libs/translmode.cmx,17705
2026-02-06T15:02:15Z,7e7d5d8c97a8904890a2adfd4ee81cb8faa20ab9,5357,size_in_bytes,lib/ocaml/compiler-libs/targetint.cmx,39477
2026-02-06T15:02:15Z,7e7d5d8c97a8904890a2adfd4ee81cb8faa20ab9,5357,size_in_bytes,lib/ocaml/compiler-libs/format_doc.cmx,137249
2026-02-06T15:02:15Z,7e7d5d8c97a8904890a2adfd4ee81cb8faa20ab9,5357,size_in_bytes,lib/ocaml/compiler-libs/cmt_format.cmx,27143
2026-02-06T15:02:15Z,7e7d5d8c97a8904890a2adfd4ee81cb8faa20ab9,5357,size_in_bytes,lib/ocaml/compiler-libs/vectorize_specific.cmx,12277
2026-02-06T15:02:15Z,7e7d5d8c97a8904890a2adfd4ee81cb8faa20ab9,5357,size_in_bytes,lib/ocaml/compiler-libs/cfg_comballoc.cmx,11535
2026-02-06T15:02:15Z,7e7d5d8c97a8904890a2adfd4ee81cb8faa20ab9,5357,size_in_bytes,lib/ocaml/compiler-libs/dwarf_high__Proto_die.cmx,50729
2026-02-06T15:02:15Z,7e7d5d8c97a8904890a2adfd4ee81cb8faa20ab9,5357,size_in_bytes,lib/ocaml/compiler-libs/signature_with_global_bindings.cmx,4924
2026-02-06T15:02:15Z,7e7d5d8c97a8904890a2adfd4ee81cb8faa20ab9,5357,size_in_bytes,lib/ocaml/compiler-libs/llvmize.cmx,28085
2026-02-06T15:02:15Z,7e7d5d8c97a8904890a2adfd4ee81cb8faa20ab9,5357,size_in_bytes,lib/ocaml/compiler-libs/dwarf_low__Address_table.cmx,63241
2026-02-06T15:02:15Z,7e7d5d8c97a8904890a2adfd4ee81cb8faa20ab9,5357,size_in_bytes,lib/ocaml/compiler-libs/dwarf_low__Initial_length.cmx,15555
2026-02-06T15:02:15Z,7e7d5d8c97a8904890a2adfd4ee81cb8faa20ab9,5357,size_in_bytes,lib/ocaml/compiler-libs/dwarf_low__Debug_info_section.cmx,80866
2026-02-06T15:02:15Z,7e7d5d8c97a8904890a2adfd4ee81cb8faa20ab9,5357,size_in_bytes,lib/ocaml/compiler-libs/cms_format.cmx,10888
2026-02-06T15:02:15Z,7e7d5d8c97a8904890a2adfd4ee81cb8faa20ab9,5357,size_in_bytes,lib/ocaml/compiler-libs/scalar.cmx,99942
2026-02-06T15:02:15Z,7e7d5d8c97a8904890a2adfd4ee81cb8faa20ab9,5357,size_in_bytes,lib/ocaml/compiler-libs/regalloc_gi.cmx,14491
2026-02-06T15:02:15Z,7e7d5d8c97a8904890a2adfd4ee81cb8faa20ab9,5357,size_in_bytes,lib/ocaml/compiler-libs/printslambda.cmx,6769
2026-02-06T15:02:15Z,7e7d5d8c97a8904890a2adfd4ee81cb8faa20ab9,5357,size_in_bytes,lib/ocaml/compiler-libs/regalloc_rewrite.cmx,17697
2026-02-06T15:02:15Z,7e7d5d8c97a8904890a2adfd4ee81cb8faa20ab9,5357,size_in_bytes,lib/ocaml/compiler-libs/btype.cmx,502001
2026-02-06T15:02:15Z,7e7d5d8c97a8904890a2adfd4ee81cb8faa20ab9,5357,size_in_bytes,lib/ocaml/compiler-libs/translclass.cmx,14975
2026-02-06T15:02:15Z,7e7d5d8c97a8904890a2adfd4ee81cb8faa20ab9,5357,size_in_bytes,lib/ocaml/compiler-libs/dwarf_high__Assign_abbrevs.cmx,43823
2026-02-06T15:02:15Z,7e7d5d8c97a8904890a2adfd4ee81cb8faa20ab9,5357,size_in_bytes,lib/ocaml/compiler-libs/tast_mapper.cmx,74449
2026-02-06T15:02:15Z,7e7d5d8c97a8904890a2adfd4ee81cb8faa20ab9,5357,size_in_bytes,lib/ocaml/compiler-libs/dwarf_low__Abbreviation_code.cmx,29418
2026-02-06T15:02:15Z,7e7d5d8c97a8904890a2adfd4ee81cb8faa20ab9,5357,size_in_bytes,lib/ocaml/compiler-libs/llvm_ir.cmx,222600
2026-02-06T15:02:15Z,7e7d5d8c97a8904890a2adfd4ee81cb8faa20ab9,5357,size_in_bytes,lib/ocaml/compiler-libs/builtin_attributes.cmx,92999
2026-02-06T15:02:15Z,7e7d5d8c97a8904890a2adfd4ee81cb8faa20ab9,5357,size_in_bytes,lib/ocaml/compiler-libs/int_replace_polymorphic_compare.cmx,11726
2026-02-06T15:02:15Z,7e7d5d8c97a8904890a2adfd4ee81cb8faa20ab9,5357,size_in_bytes,lib/ocaml/compiler-libs/asm_targets__Asm_label.cmx,87381
2026-02-06T15:02:15Z,7e7d5d8c97a8904890a2adfd4ee81cb8faa20ab9,5357,size_in_bytes,lib/ocaml/compiler-libs/reg_class_utils.cmx,43998
2026-02-06T15:02:15Z,7e7d5d8c97a8904890a2adfd4ee81cb8faa20ab9,5357,size_in_bytes,lib/ocaml/compiler-libs/printast.cmx,491117
2026-02-06T15:02:15Z,7e7d5d8c97a8904890a2adfd4ee81cb8faa20ab9,5357,size_in_bytes,lib/ocaml/compiler-libs/dwarf_low__Dwarf_4_location_list.cmx,57430
2026-02-06T15:02:15Z,7e7d5d8c97a8904890a2adfd4ee81cb8faa20ab9,5357,size_in_bytes,lib/ocaml/compiler-libs/value_rec_check.cmx,19036
2026-02-06T15:02:15Z,7e7d5d8c97a8904890a2adfd4ee81cb8faa20ab9,5357,size_in_bytes,lib/ocaml/compiler-libs/eh_frame_registration.cmx,2157
2026-02-06T15:02:15Z,7e7d5d8c97a8904890a2adfd4ee81cb8faa20ab9,5357,size_in_bytes,lib/ocaml/compiler-libs/domainstate.cmx,1610
2026-02-06T15:02:15Z,7e7d5d8c97a8904890a2adfd4ee81cb8faa20ab9,5357,size_in_bytes,lib/ocaml/compiler-libs/dwarf_low__Debug_loc_table.cmx,24131
2026-02-06T15:02:15Z,7e7d5d8c97a8904890a2adfd4ee81cb8faa20ab9,5357,size_in_bytes,lib/ocaml/compiler-libs/regalloc_ls_state.cmx,78408
2026-02-06T15:02:15Z,7e7d5d8c97a8904890a2adfd4ee81cb8faa20ab9,5357,size_in_bytes,lib/ocaml/compiler-libs/cmm_invariants.cmx,11576
2026-02-06T15:02:15Z,7e7d5d8c97a8904890a2adfd4ee81cb8faa20ab9,5357,size_in_bytes,lib/ocaml/compiler-libs/printlambda.cmx,40400
2026-02-06T15:02:15Z,7e7d5d8c97a8904890a2adfd4ee81cb8faa20ab9,5357,size_in_bytes,lib/ocaml/compiler-libs/compute_ranges.cmx,314943
2026-02-06T15:02:15Z,7e7d5d8c97a8904890a2adfd4ee81cb8faa20ab9,5357,size_in_bytes,lib/ocaml/compiler-libs/vectorize_utils.cmx,31741
2026-02-06T15:02:15Z,7e7d5d8c97a8904890a2adfd4ee81cb8faa20ab9,5357,size_in_bytes,lib/ocaml/compiler-libs/generic_fns.cmx,60907
2026-02-06T15:02:15Z,7e7d5d8c97a8904890a2adfd4ee81cb8faa20ab9,5357,size_in_bytes,lib/ocaml/compiler-libs/compiler_hooks.cmx,14398
2026-02-06T15:02:15Z,7e7d5d8c97a8904890a2adfd4ee81cb8faa20ab9,5357,size_in_bytes,lib/ocaml/compiler-libs/location.cmx,143210
2026-02-06T15:02:15Z,7e7d5d8c97a8904890a2adfd4ee81cb8faa20ab9,5357,size_in_bytes,lib/ocaml/compiler-libs/x86_binary_emitter.cmx,75734
2026-02-06T15:02:15Z,7e7d5d8c97a8904890a2adfd4ee81cb8faa20ab9,5357,size_in_bytes,lib/ocaml/compiler-libs/unit_info.cmx,62806
2026-02-06T15:02:15Z,7e7d5d8c97a8904890a2adfd4ee81cb8faa20ab9,5357,size_in_bytes,lib/ocaml/compiler-libs/shape_reduce.cmx,506664
2026-02-06T15:02:15Z,7e7d5d8c97a8904890a2adfd4ee81cb8faa20ab9,5357,size_in_bytes,lib/ocaml/compiler-libs/terminfo.cmx,4116
2026-02-06T15:02:15Z,7e7d5d8c97a8904890a2adfd4ee81cb8faa20ab9,5357,size_in_bytes,lib/ocaml/compiler-libs/linkage_name.cmx,62899
2026-02-06T15:02:15Z,7e7d5d8c97a8904890a2adfd4ee81cb8faa20ab9,5357,size_in_bytes,lib/ocaml/compiler-libs/transl_comprehension_utils.cmx,57833
2026-02-06T15:02:15Z,7e7d5d8c97a8904890a2adfd4ee81cb8faa20ab9,5357,size_in_bytes,lib/ocaml/compiler-libs/asm_targets__Asm_directives.cmx,99995
2026-02-06T15:02:15Z,7e7d5d8c97a8904890a2adfd4ee81cb8faa20ab9,5357,size_in_bytes,lib/ocaml/compiler-libs/dwarf_low__Location_or_range_list.cmx,22323
2026-02-06T15:02:15Z,7e7d5d8c97a8904890a2adfd4ee81cb8faa20ab9,5357,size_in_bytes,lib/ocaml/compiler-libs/docstrings.cmx,60360
2026-02-06T15:02:15Z,7e7d5d8c97a8904890a2adfd4ee81cb8faa20ab9,5357,size_in_bytes,lib/ocaml/compiler-libs/longident.cmx,6364
2026-02-06T15:02:15Z,7e7d5d8c97a8904890a2adfd4ee81cb8faa20ab9,5357,size_in_bytes,lib/ocaml/compiler-libs/afl_instrument.cmx,18885
2026-02-06T15:02:15Z,7e7d5d8c97a8904890a2adfd4ee81cb8faa20ab9,5357,size_in_bytes,lib/ocaml/compiler-libs/cfg_liveness.cmx,32534
2026-02-06T15:02:15Z,7e7d5d8c97a8904890a2adfd4ee81cb8faa20ab9,5357,size_in_bytes,lib/ocaml/compiler-libs/dwarf_low__Address_index.cmx,124087
2026-02-06T15:02:15Z,7e7d5d8c97a8904890a2adfd4ee81cb8faa20ab9,5357,size_in_bytes,lib/ocaml/compiler-libs/includecore.cmx,31206
2026-02-06T15:02:15Z,7e7d5d8c97a8904890a2adfd4ee81cb8faa20ab9,5357,size_in_bytes,lib/ocaml/compiler-libs/lexer.cmx,58865
2026-02-06T15:02:15Z,7e7d5d8c97a8904890a2adfd4ee81cb8faa20ab9,5357,size_in_bytes,lib/ocaml/compiler-libs/dwarf_low__Location_or_range_list_entry.cmx,87625
2026-02-06T15:02:15Z,7e7d5d8c97a8904890a2adfd4ee81cb8faa20ab9,5357,size_in_bytes,lib/ocaml/compiler-libs/dwarf_reg_locations.cmx,11772
2026-02-06T15:02:15Z,7e7d5d8c97a8904890a2adfd4ee81cb8faa20ab9,5357,size_in_bytes,lib/ocaml/compiler-libs/dwarf_low__Unit_type.cmx,10907
2026-02-06T15:02:15Z,7e7d5d8c97a8904890a2adfd4ee81cb8faa20ab9,5357,size_in_bytes,lib/ocaml/compiler-libs/zero_alloc.cmx,11444
2026-02-06T15:02:15Z,7e7d5d8c97a8904890a2adfd4ee81cb8faa20ab9,5357,size_in_bytes,lib/ocaml/compiler-libs/dwarf_low__Location_list.cmx,26832
2026-02-06T15:02:15Z,7e7d5d8c97a8904890a2adfd4ee81cb8faa20ab9,5357,size_in_bytes,lib/ocaml/compiler-libs/clflags.cmx,105819
2026-02-06T15:02:15Z,7e7d5d8c97a8904890a2adfd4ee81cb8faa20ab9,5357,size_in_bytes,lib/ocaml/compiler-libs/cfg_with_infos.cmx,33231
2026-02-06T15:02:15Z,7e7d5d8c97a8904890a2adfd4ee81cb8faa20ab9,5357,size_in_bytes,lib/ocaml/compiler-libs/path.cmx,86291
2026-02-06T15:02:15Z,7e7d5d8c97a8904890a2adfd4ee81cb8faa20ab9,5357,size_in_bytes,lib/ocaml/compiler-libs/printlinear.cmx,20101
2026-02-06T15:02:15Z,7e7d5d8c97a8904890a2adfd4ee81cb8faa20ab9,5357,size_in_bytes,lib/ocaml/compiler-libs/inlined_frame_ranges.cmx,134295
2026-02-06T15:02:15Z,7e7d5d8c97a8904890a2adfd4ee81cb8faa20ab9,5357,size_in_bytes,lib/ocaml/compiler-libs/typetexp.cmx,46480
2026-02-06T15:02:15Z,7e7d5d8c97a8904890a2adfd4ee81cb8faa20ab9,5357,size_in_bytes,lib/ocaml/compiler-libs/regalloc_irc.cmx,19796
2026-02-06T15:02:15Z,7e7d5d8c97a8904890a2adfd4ee81cb8faa20ab9,5357,size_in_bytes,lib/ocaml/compiler-libs/dwarf_low__Dwarf_4_range_list_entry.cmx,46779
2026-02-06T15:02:15Z,7e7d5d8c97a8904890a2adfd4ee81cb8faa20ab9,5357,size_in_bytes,lib/ocaml/compiler-libs/dwarf_compilation_unit.cmx,4352
2026-02-06T15:02:15Z,7e7d5d8c97a8904890a2adfd4ee81cb8faa20ab9,5357,size_in_bytes,lib/ocaml/compiler-libs/label.cmx,10185
2026-02-06T15:02:15Z,7e7d5d8c97a8904890a2adfd4ee81cb8faa20ab9,5357,size_in_bytes,lib/ocaml/compiler-libs/symtable.cmx,127920
2026-02-06T15:02:15Z,7e7d5d8c97a8904890a2adfd4ee81cb8faa20ab9,5357,size_in_bytes,lib/ocaml/compiler-libs/dwarf_low__Aranges_table.cmx,38633
2026-02-06T15:02:15Z,7e7d5d8c97a8904890a2adfd4ee81cb8faa20ab9,5357,size_in_bytes,lib/ocaml/compiler-libs/dwarf_low__Range_list_entry.cmx,50734
2026-02-06T15:02:15Z,7e7d5d8c97a8904890a2adfd4ee81cb8faa20ab9,5357,size_in_bytes,lib/ocaml/compiler-libs/matching.cmx,78946
2026-02-06T15:02:15Z,7e7d5d8c97a8904890a2adfd4ee81cb8faa20ab9,5357,size_in_bytes,lib/ocaml/compiler-libs/cfg_simplify.cmx,15103
2026-02-06T15:02:15Z,7e7d5d8c97a8904890a2adfd4ee81cb8faa20ab9,5357,size_in_bytes,lib/ocaml/compiler-libs/cmi_format.cmx,13618
2026-02-06T15:02:15Z,7e7d5d8c97a8904890a2adfd4ee81cb8faa20ab9,5357,size_in_bytes,lib/ocaml/compiler-libs/cmm_helpers.cmx,1341950
2026-02-06T15:02:15Z,7e7d5d8c97a8904890a2adfd4ee81cb8faa20ab9,5357,size_in_bytes,lib/ocaml/compiler-libs/cfg_to_linear_desc.cmx,12114
2026-02-06T15:02:15Z,7e7d5d8c97a8904890a2adfd4ee81cb8faa20ab9,5357,size_in_bytes,lib/ocaml/compiler-libs/dwarf_low__Inline_code.cmx,6158
2026-02-06T15:02:15Z,7e7d5d8c97a8904890a2adfd4ee81cb8faa20ab9,5357,size_in_bytes,lib/ocaml/compiler-libs/stack_check.cmx,10968
2026-02-06T15:02:15Z,7e7d5d8c97a8904890a2adfd4ee81cb8faa20ab9,5357,size_in_bytes,lib/ocaml/compiler-libs/compilenv.cmx,33803
2026-02-06T15:02:15Z,7e7d5d8c97a8904890a2adfd4ee81cb8faa20ab9,5357,size_in_bytes,lib/ocaml/compiler-libs/regalloc_stack_slots.cmx,52160
2026-02-06T15:02:15Z,7e7d5d8c97a8904890a2adfd4ee81cb8faa20ab9,5357,size_in_bytes,lib/ocaml/compiler-libs/slambda0.cmx,336
2026-02-06T15:02:15Z,7e7d5d8c97a8904890a2adfd4ee81cb8faa20ab9,5357,size_in_bytes,lib/ocaml/compiler-libs/backend_var.cmx,28761
2026-02-06T15:02:15Z,7e7d5d8c97a8904890a2adfd4ee81cb8faa20ab9,5357,size_in_bytes,lib/ocaml/compiler-libs/errortrace.cmx,20814
2026-02-06T15:02:15Z,7e7d5d8c97a8904890a2adfd4ee81cb8faa20ab9,5357,size_in_bytes,lib/ocaml/compiler-libs/ctype.cmx,323419
2026-02-06T15:02:15Z,7e7d5d8c97a8904890a2adfd4ee81cb8faa20ab9,5357,size_in_bytes,lib/ocaml/compiler-libs/runtimetags.cmx,1010
2026-02-06T15:02:15Z,7e7d5d8c97a8904890a2adfd4ee81cb8faa20ab9,5357,size_in_bytes,lib/ocaml/compiler-libs/ast_mapper.cmx,98979
2026-02-06T15:02:15Z,7e7d5d8c97a8904890a2adfd4ee81cb8faa20ab9,5357,size_in_bytes,lib/ocaml/compiler-libs/dwarf_low__Child_determination.cmx,12459
2026-02-06T15:02:15Z,7e7d5d8c97a8904890a2adfd4ee81cb8faa20ab9,5357,size_in_bytes,lib/ocaml/compiler-libs/reg_with_debug_info.cmx,119388
2026-02-06T15:02:15Z,7e7d5d8c97a8904890a2adfd4ee81cb8faa20ab9,5357,size_in_bytes,lib/ocaml/compiler-libs/optlink.cmx,195356
2026-02-06T15:02:15Z,7e7d5d8c97a8904890a2adfd4ee81cb8faa20ab9,5357,size_in_bytes,lib/ocaml/compiler-libs/warnings.cmx,113620
2026-02-06T15:02:15Z,7e7d5d8c97a8904890a2adfd4ee81cb8faa20ab9,5357,size_in_bytes,lib/ocaml/compiler-libs/regalloc_gi_utils.cmx,69237
2026-02-06T15:02:15Z,7e7d5d8c97a8904890a2adfd4ee81cb8faa20ab9,5357,size_in_bytes,lib/ocaml/compiler-libs/dwarf_low__Counted_location_description.cmx,56518
2026-02-06T15:02:15Z,7e7d5d8c97a8904890a2adfd4ee81cb8faa20ab9,5357,size_in_bytes,lib/ocaml/compiler-libs/diffing.cmx,219506
2026-02-06T15:02:15Z,7e7d5d8c97a8904890a2adfd4ee81cb8faa20ab9,5357,size_in_bytes,lib/ocaml/compiler-libs/linkenv.cmx,28339
2026-02-06T15:02:15Z,7e7d5d8c97a8904890a2adfd4ee81cb8faa20ab9,5357,size_in_bytes,lib/ocaml/compiler-libs/dwarf_low__Dwarf_version.cmx,13709
2026-02-06T15:02:15Z,7e7d5d8c97a8904890a2adfd4ee81cb8faa20ab9,5357,size_in_bytes,lib/ocaml/compiler-libs/typeopt.cmx,34708
2026-02-06T15:02:15Z,7e7d5d8c97a8904890a2adfd4ee81cb8faa20ab9,5357,size_in_bytes,lib/ocaml/compiler-libs/main_args.cmx,1640065
2026-02-06T15:02:15Z,7e7d5d8c97a8904890a2adfd4ee81cb8faa20ab9,5357,size_in_bytes,lib/ocaml/compiler-libs/runtimedef.cmx,674
2026-02-06T15:02:15Z,7e7d5d8c97a8904890a2adfd4ee81cb8faa20ab9,5357,size_in_bytes,lib/ocaml/compiler-libs/dwarf_low__Encoding_attribute.cmx,7875
2026-02-06T15:02:15Z,7e7d5d8c97a8904890a2adfd4ee81cb8faa20ab9,5357,size_in_bytes,lib/ocaml/compiler-libs/dwarf_low__Dwarf_4_range_list.cmx,36624
2026-02-06T15:02:15Z,7e7d5d8c97a8904890a2adfd4ee81cb8faa20ab9,5357,size_in_bytes,lib/ocaml/compiler-libs/optcompile.cmx,160237
2026-02-06T15:02:15Z,7e7d5d8c97a8904890a2adfd4ee81cb8faa20ab9,5357,size_in_bytes,lib/ocaml/compiler-libs/printcmm.cmx,35351
2026-02-06T15:02:15Z,7e7d5d8c97a8904890a2adfd4ee81cb8faa20ab9,5357,size_in_bytes,lib/ocaml/compiler-libs/complex_shape.cmx,31492
2026-02-06T15:02:15Z,7e7d5d8c97a8904890a2adfd4ee81cb8faa20ab9,5357,size_in_bytes,lib/ocaml/compiler-libs/zero_alloc_annotations.cmx,8353
2026-02-06T15:02:15Z,7e7d5d8c97a8904890a2adfd4ee81cb8faa20ab9,5357,size_in_bytes,lib/ocaml/compiler-libs/pparse.cmx,28417
2026-02-06T15:02:15Z,7e7d5d8c97a8904890a2adfd4ee81cb8faa20ab9,5357,size_in_bytes,lib/ocaml/compiler-libs/bytelink.cmx,51146
2026-02-06T15:02:15Z,7e7d5d8c97a8904890a2adfd4ee81cb8faa20ab9,5357,size_in_bytes,lib/ocaml/compiler-libs/cmm_peephole_engine.cmx,31961
2026-02-06T15:02:15Z,7e7d5d8c97a8904890a2adfd4ee81cb8faa20ab9,5357,size_in_bytes,lib/ocaml/compiler-libs/stack_reg_offset.cmx,1610
2026-02-06T15:02:15Z,7e7d5d8c97a8904890a2adfd4ee81cb8faa20ab9,5357,size_in_bytes,lib/ocaml/compiler-libs/transl_list_comprehension.cmx,9155
2026-02-06T15:02:15Z,7e7d5d8c97a8904890a2adfd4ee81cb8faa20ab9,5357,size_in_bytes,lib/ocaml/compiler-libs/dwarf_low__Location_list_table.cmx,144115
2026-02-06T15:02:15Z,7e7d5d8c97a8904890a2adfd4ee81cb8faa20ab9,5357,size_in_bytes,lib/ocaml/compiler-libs/depend.cmx,230285
2026-02-06T15:02:15Z,7e7d5d8c97a8904890a2adfd4ee81cb8faa20ab9,5357,size_in_bytes,lib/ocaml/compiler-libs/typedecl_separability.cmx,28894
2026-02-06T15:02:15Z,7e7d5d8c97a8904890a2adfd4ee81cb8faa20ab9,5357,size_in_bytes,lib/ocaml/compiler-libs/cfg_reducibility.cmx,11889
2026-02-06T15:02:15Z,7e7d5d8c97a8904890a2adfd4ee81cb8faa20ab9,5357,size_in_bytes,lib/ocaml/compiler-libs/linear_format.cmx,12330
2026-02-06T15:02:15Z,7e7d5d8c97a8904890a2adfd4ee81cb8faa20ab9,5357,size_in_bytes,lib/ocaml/compiler-libs/blambda_of_lambda.cmx,10029
2026-02-06T15:02:15Z,7e7d5d8c97a8904890a2adfd4ee81cb8faa20ab9,5357,size_in_bytes,lib/ocaml/compiler-libs/optpackager.cmx,197361
2026-02-06T15:02:15Z,7e7d5d8c97a8904890a2adfd4ee81cb8faa20ab9,5357,size_in_bytes,lib/ocaml/compiler-libs/build_path_prefix_map.cmx,13613
2026-02-06T15:02:15Z,7e7d5d8c97a8904890a2adfd4ee81cb8faa20ab9,5357,size_in_bytes,lib/ocaml/compiler-libs/dsl_helpers.cmx,348
2026-02-06T15:02:15Z,7e7d5d8c97a8904890a2adfd4ee81cb8faa20ab9,5357,size_in_bytes,lib/ocaml/compiler-libs/dwarf_low__Abbreviations_table_entry.cmx,83178
2026-02-06T15:02:15Z,7e7d5d8c97a8904890a2adfd4ee81cb8faa20ab9,5357,size_in_bytes,lib/ocaml/compiler-libs/ast_iterator.cmx,70064
2026-02-06T15:02:15Z,7e7d5d8c97a8904890a2adfd4ee81cb8faa20ab9,5357,size_in_bytes,lib/ocaml/compiler-libs/shape.cmx,263494
2026-02-06T15:02:15Z,7e7d5d8c97a8904890a2adfd4ee81cb8faa20ab9,5357,size_in_bytes,lib/ocaml/compiler-libs/dwarf_low__Dwarf_attribute_values.cmx,215017
2026-02-06T15:02:15Z,7e7d5d8c97a8904890a2adfd4ee81cb8faa20ab9,5357,size_in_bytes,lib/ocaml/compiler-libs/allowance.cmx,7658
2026-02-06T15:02:15Z,7e7d5d8c97a8904890a2adfd4ee81cb8faa20ab9,5357,size_in_bytes,lib/ocaml/compiler-libs/cfg_dominators.cmx,23559
2026-02-06T15:02:15Z,7e7d5d8c97a8904890a2adfd4ee81cb8faa20ab9,5357,size_in_bytes,lib/ocaml/compiler-libs/fdo_info.cmx,3757
2026-02-06T15:02:15Z,7e7d5d8c97a8904890a2adfd4ee81cb8faa20ab9,5357,size_in_bytes,lib/ocaml/compiler-libs/asmgen.cmx,30427
2026-02-06T15:02:15Z,7e7d5d8c97a8904890a2adfd4ee81cb8faa20ab9,5357,size_in_bytes,lib/ocaml/compiler-libs/types.cmx,285004
2026-02-06T15:02:15Z,7e7d5d8c97a8904890a2adfd4ee81cb8faa20ab9,5357,size_in_bytes,lib/ocaml/compiler-libs/syntaxerr.cmx,3681
2026-02-06T15:02:15Z,7e7d5d8c97a8904890a2adfd4ee81cb8faa20ab9,5357,size_in_bytes,lib/ocaml/compiler-libs/signature_group.cmx,60244
2026-02-06T15:02:15Z,7e7d5d8c97a8904890a2adfd4ee81cb8faa20ab9,5357,size_in_bytes,lib/ocaml/compiler-libs/lazy_backtrack.cmx,10764
2026-02-06T15:02:15Z,7e7d5d8c97a8904890a2adfd4ee81cb8faa20ab9,5357,size_in_bytes,lib/ocaml/compiler-libs/printreg.cmx,26174
2026-02-06T15:02:15Z,7e7d5d8c97a8904890a2adfd4ee81cb8faa20ab9,5357,size_in_bytes,lib/ocaml/compiler-libs/cfg_dataflow.cmx,223290
2026-02-06T15:02:15Z,7e7d5d8c97a8904890a2adfd4ee81cb8faa20ab9,5357,size_in_bytes,lib/ocaml/compiler-libs/binutils.cmx,11020
2026-02-06T15:02:15Z,7e7d5d8c97a8904890a2adfd4ee81cb8faa20ab9,5357,size_in_bytes,lib/ocaml/compiler-libs/iplt.cmx,27293
2026-02-06T15:02:15Z,7e7d5d8c97a8904890a2adfd4ee81cb8faa20ab9,5357,size_in_bytes,lib/ocaml/compiler-libs/instruct.cmx,2721
2026-02-06T15:02:15Z,7e7d5d8c97a8904890a2adfd4ee81cb8faa20ab9,5357,size_in_bytes,lib/ocaml/compiler-libs/blambda.cmx,2671
2026-02-06T15:02:15Z,7e7d5d8c97a8904890a2adfd4ee81cb8faa20ab9,5357,size_in_bytes,lib/ocaml/compiler-libs/mixed_block_shape.cmx,22921
2026-02-06T15:02:15Z,7e7d5d8c97a8904890a2adfd4ee81cb8faa20ab9,5357,size_in_bytes,lib/ocaml/compiler-libs/available_ranges_vars.cmx,70413
2026-02-06T15:02:15Z,7e7d5d8c97a8904890a2adfd4ee81cb8faa20ab9,5357,size_in_bytes,lib/ocaml/compiler-libs/typecore.cmx,175833
2026-02-06T15:02:15Z,7e7d5d8c97a8904890a2adfd4ee81cb8faa20ab9,5357,size_in_bytes,lib/ocaml/compiler-libs/emit.cmx,31476
2026-02-06T15:02:15Z,7e7d5d8c97a8904890a2adfd4ee81cb8faa20ab9,5357,size_in_bytes,lib/ocaml/compiler-libs/compile_common.cmx,13399
2026-02-06T15:02:15Z,7e7d5d8c97a8904890a2adfd4ee81cb8faa20ab9,5357,size_in_bytes,lib/ocaml/compiler-libs/arg_helper.cmx,69149
2026-02-06T15:02:15Z,7e7d5d8c97a8904890a2adfd4ee81cb8faa20ab9,5357,size_in_bytes,lib/ocaml/compiler-libs/extract_relocations.cmx,15188
2026-02-06T15:02:15Z,7e7d5d8c97a8904890a2adfd4ee81cb8faa20ab9,5357,size_in_bytes,lib/ocaml/compiler-libs/partition_object_files.cmx,5620
2026-02-06T15:02:15Z,7e7d5d8c97a8904890a2adfd4ee81cb8faa20ab9,5357,size_in_bytes,lib/ocaml/compiler-libs/cfg_selectgen.cmx,1050674
2026-02-06T15:02:15Z,7e7d5d8c97a8904890a2adfd4ee81cb8faa20ab9,5357,size_in_bytes,lib/ocaml/compiler-libs/envaux.cmx,9533
2026-02-06T15:02:15Z,7e7d5d8c97a8904890a2adfd4ee81cb8faa20ab9,5357,size_in_bytes,lib/ocaml/compiler-libs/dwarf_inlined_frames.cmx,15286
2026-02-06T15:02:15Z,7e7d5d8c97a8904890a2adfd4ee81cb8faa20ab9,5357,size_in_bytes,lib/ocaml/compiler-libs/oxcaml_flags.cmx,34019
2026-02-06T15:02:15Z,7e7d5d8c97a8904890a2adfd4ee81cb8faa20ab9,5357,size_in_bytes,lib/ocaml/compiler-libs/printast_with_mappings.cmx,486369
2026-02-06T15:02:15Z,7e7d5d8c97a8904890a2adfd4ee81cb8faa20ab9,5357,size_in_bytes,lib/ocaml/compiler-libs/translattribute.cmx,47457
2026-02-06T15:02:15Z,7e7d5d8c97a8904890a2adfd4ee81cb8faa20ab9,5357,size_in_bytes,lib/ocaml/compiler-libs/typemode.cmx,38360
2026-02-06T15:02:15Z,7e7d5d8c97a8904890a2adfd4ee81cb8faa20ab9,5357,size_in_bytes,lib/ocaml/compiler-libs/oxcaml_args.cmx,840494
2026-02-06T15:02:15Z,7e7d5d8c97a8904890a2adfd4ee81cb8faa20ab9,5357,size_in_bytes,lib/ocaml/compiler-libs/amd64_simd_defs.cmx,11817
2026-02-06T15:02:15Z,7e7d5d8c97a8904890a2adfd4ee81cb8faa20ab9,5357,size_in_bytes,lib/ocaml/compiler-libs/vectorize.cmx,38219
2026-02-06T15:02:15Z,7e7d5d8c97a8904890a2adfd4ee81cb8faa20ab9,5357,size_in_bytes,lib/ocaml/compiler-libs/tmc.cmx,37691
2026-02-06T15:02:15Z,7e7d5d8c97a8904890a2adfd4ee81cb8faa20ab9,5357,size_in_bytes,lib/ocaml/compiler-libs/emitcode.cmx,11833
2026-02-06T15:02:15Z,7e7d5d8c97a8904890a2adfd4ee81cb8faa20ab9,5357,size_in_bytes,lib/ocaml/compiler-libs/reg_class.cmx,43281
2026-02-06T15:02:15Z,7e7d5d8c97a8904890a2adfd4ee81cb8faa20ab9,5357,size_in_bytes,lib/ocaml/compiler-libs/sub_cfg.cmx,33126
2026-02-06T15:02:15Z,7e7d5d8c97a8904890a2adfd4ee81cb8faa20ab9,5357,size_in_bytes,lib/ocaml/compiler-libs/cmm_builtins.cmx,29524
2026-02-06T15:02:15Z,7e7d5d8c97a8904890a2adfd4ee81cb8faa20ab9,5357,size_in_bytes,lib/ocaml/compiler-libs/reg_availability_set.cmx,18275
2026-02-06T15:02:15Z,7e7d5d8c97a8904890a2adfd4ee81cb8faa20ab9,5357,size_in_bytes,lib/ocaml/compiler-libs/errors.cmx,867
2026-02-06T15:02:15Z,7e7d5d8c97a8904890a2adfd4ee81cb8faa20ab9,5357,size_in_bytes,lib/ocaml/compiler-libs/dwarf_type.cmx,25123
2026-02-06T15:02:15Z,7e7d5d8c97a8904890a2adfd4ee81cb8faa20ab9,5357,size_in_bytes,lib/ocaml/compiler-libs/cfg_intf.cmx,9817
2026-02-06T15:02:15Z,7e7d5d8c97a8904890a2adfd4ee81cb8faa20ab9,5357,size_in_bytes,lib/ocaml/compiler-libs/datarepr.cmx,14198
2026-02-06T15:02:15Z,7e7d5d8c97a8904890a2adfd4ee81cb8faa20ab9,5357,size_in_bytes,lib/ocaml/compiler-libs/dwarf_variables_and_parameters.cmx,16797
2026-02-06T15:02:15Z,7e7d5d8c97a8904890a2adfd4ee81cb8faa20ab9,5357,size_in_bytes,lib/ocaml/str/str.cmx,39522
2026-02-06T15:02:15Z,7e7d5d8c97a8904890a2adfd4ee81cb8faa20ab9,5357,size_in_bytes,lib/ocaml/compiler_owee__Owee_debug_line.cmo,90929
2026-02-06T15:02:15Z,7e7d5d8c97a8904890a2adfd4ee81cb8faa20ab9,5357,size_in_bytes,lib/ocaml/compiler_owee__Owee_macho.cmo,261557
2026-02-06T15:02:15Z,7e7d5d8c97a8904890a2adfd4ee81cb8faa20ab9,5357,size_in_bytes,lib/ocaml/compiler_owee__Owee_elf.cmo,178821
2026-02-06T15:02:15Z,7e7d5d8c97a8904890a2adfd4ee81cb8faa20ab9,5357,size_in_bytes,lib/ocaml/compiler_owee__Unix_intf.cmo,9961
2026-02-06T15:02:15Z,7e7d5d8c97a8904890a2adfd4ee81cb8faa20ab9,5357,size_in_bytes,lib/ocaml/compiler_owee__Owee_elf_string_table.cmo,12153
2026-02-06T15:02:15Z,7e7d5d8c97a8904890a2adfd4ee81cb8faa20ab9,5357,size_in_bytes,lib/ocaml/compiler_owee__Owee_elf_notes.cmo,53603
2026-02-06T15:02:15Z,7e7d5d8c97a8904890a2adfd4ee81cb8faa20ab9,5357,size_in_bytes,lib/ocaml/compiler_owee__Owee_interval_map.cmo,90397
2026-02-06T15:02:15Z,7e7d5d8c97a8904890a2adfd4ee81cb8faa20ab9,5357,size_in_bytes,lib/ocaml/compiler_owee__Owee_traverse.cmo,62496
2026-02-06T15:02:15Z,7e7d5d8c97a8904890a2adfd4ee81cb8faa20ab9,5357,size_in_bytes,lib/ocaml/std_exit.cmo,6476
2026-02-06T15:02:15Z,7e7d5d8c97a8904890a2adfd4ee81cb8faa20ab9,5357,size_in_bytes,lib/ocaml/compiler_owee__Owee_buf.cmo,77685
2026-02-06T15:02:15Z,7e7d5d8c97a8904890a2adfd4ee81cb8faa20ab9,5357,size_in_bytes,lib/ocaml/compiler_owee__Owee_graph.cmo,84430
2026-02-06T15:02:15Z,7e7d5d8c97a8904890a2adfd4ee81cb8faa20ab9,5357,size_in_bytes,lib/ocaml/compiler_owee__Owee_elf_relocation.cmo,50519
2026-02-06T15:02:15Z,7e7d5d8c97a8904890a2adfd4ee81cb8faa20ab9,5357,size_in_bytes,lib/ocaml/compiler_owee__Owee_object.cmo,64335
2026-02-06T15:02:15Z,7e7d5d8c97a8904890a2adfd4ee81cb8faa20ab9,5357,size_in_bytes,lib/ocaml/compiler_owee__Owee_archive.cmo,63827
2026-02-06T15:02:15Z,7e7d5d8c97a8904890a2adfd4ee81cb8faa20ab9,5357,size_in_bytes,lib/ocaml/compiler_owee__Owee_location.cmo,64783
2026-02-06T15:02:15Z,7e7d5d8c97a8904890a2adfd4ee81cb8faa20ab9,5357,size_in_bytes,lib/ocaml/compiler_owee__Owee_linux_maps.cmo,18253
2026-02-06T15:02:15Z,7e7d5d8c97a8904890a2adfd4ee81cb8faa20ab9,5357,size_in_bytes,lib/ocaml/compiler_owee__Owee_form.cmo,25468
2026-02-06T15:02:15Z,7e7d5d8c97a8904890a2adfd4ee81cb8faa20ab9,5357,size_in_bytes,lib/ocaml/compiler_owee.cmo,11121
2026-02-06T15:02:15Z,7e7d5d8c97a8904890a2adfd4ee81cb8faa20ab9,5357,size_in_bytes,lib/ocaml/compiler_owee__Owee_marker.cmo,65855
2026-02-06T15:02:15Z,7e7d5d8c97a8904890a2adfd4ee81cb8faa20ab9,5357,size_in_bytes,lib/ocaml/compiler-libs/topstart.cmo,6633
2026-02-06T15:02:15Z,7e7d5d8c97a8904890a2adfd4ee81cb8faa20ab9,5357,size_in_bytes,lib/ocaml/compiler-libs/flambda2_compare__Compare.cms,22303
2026-02-06T15:02:15Z,7e7d5d8c97a8904890a2adfd4ee81cb8faa20ab9,5357,size_in_bytes,lib/ocaml/stdlib__Array.cmt,800030
2026-02-06T15:02:15Z,7e7d5d8c97a8904890a2adfd4ee81cb8faa20ab9,5357,size_in_bytes,lib/ocaml/stdlib__Seq.cmt,543061
2026-02-06T15:02:15Z,7e7d5d8c97a8904890a2adfd4ee81cb8faa20ab9,5357,size_in_bytes,lib/ocaml/stdlib__Ephemeron.cmt,1557803
2026-02-06T15:02:15Z,7e7d5d8c97a8904890a2adfd4ee81cb8faa20ab9,5357,size_in_bytes,lib/ocaml/stdlib__Set.cmt,1459475
2026-02-06T15:02:15Z,7e7d5d8c97a8904890a2adfd4ee81cb8faa20ab9,5357,size_in_bytes,lib/ocaml/stdlib__Oo.cmt,11723
2026-02-06T15:02:15Z,7e7d5d8c97a8904890a2adfd4ee81cb8faa20ab9,5357,size_in_bytes,lib/ocaml/stdlib__Lexing.cmt,190956
2026-02-06T15:02:15Z,7e7d5d8c97a8904890a2adfd4ee81cb8faa20ab9,5357,size_in_bytes,lib/ocaml/compiler_owee__Owee_macho.cmt,805787
2026-02-06T15:02:15Z,7e7d5d8c97a8904890a2adfd4ee81cb8faa20ab9,5357,size_in_bytes,lib/ocaml/stdlib__Obj.cmt,201654
2026-02-06T15:02:15Z,7e7d5d8c97a8904890a2adfd4ee81cb8faa20ab9,5357,size_in_bytes,lib/ocaml/stdlib__Weak.cmt,501736
2026-02-06T15:02:15Z,7e7d5d8c97a8904890a2adfd4ee81cb8faa20ab9,5357,size_in_bytes,lib/ocaml/stdlib__Bytes.cmt,1541379
2026-02-06T15:02:15Z,7e7d5d8c97a8904890a2adfd4ee81cb8faa20ab9,5357,size_in_bytes,lib/ocaml/stdlib__Digest.cmt,229654
2026-02-06T15:02:15Z,7e7d5d8c97a8904890a2adfd4ee81cb8faa20ab9,5357,size_in_bytes,lib/ocaml/stdlib__StdLabels.cmt,10498
2026-02-06T15:02:15Z,7e7d5d8c97a8904890a2adfd4ee81cb8faa20ab9,5357,size_in_bytes,lib/ocaml/stdlib__Scanf.cmt,1557887
2026-02-06T15:02:15Z,7e7d5d8c97a8904890a2adfd4ee81cb8faa20ab9,5357,size_in_bytes,lib/ocaml/stdlib__Hashtbl.cmt,993308
2026-02-06T15:02:15Z,7e7d5d8c97a8904890a2adfd4ee81cb8faa20ab9,5357,size_in_bytes,lib/ocaml/camlinternalFormatBasics.cmt,376066
2026-02-06T15:02:15Z,7e7d5d8c97a8904890a2adfd4ee81cb8faa20ab9,5357,size_in_bytes,lib/ocaml/stdlib__Printexc.cmt,316652
2026-02-06T15:02:15Z,7e7d5d8c97a8904890a2adfd4ee81cb8faa20ab9,5357,size_in_bytes,lib/ocaml/camlinternaleval.cmt,197065
2026-02-06T15:02:15Z,7e7d5d8c97a8904890a2adfd4ee81cb8faa20ab9,5357,size_in_bytes,lib/ocaml/stdlib__Bool.cmt,25120
2026-02-06T15:02:15Z,7e7d5d8c97a8904890a2adfd4ee81cb8faa20ab9,5357,size_in_bytes,lib/ocaml/stdlib__Modes.cmt,18672
2026-02-06T15:02:15Z,7e7d5d8c97a8904890a2adfd4ee81cb8faa20ab9,5357,size_in_bytes,lib/ocaml/compiler_owee__Owee_traverse.cmt,182427
2026-02-06T15:02:15Z,7e7d5d8c97a8904890a2adfd4ee81cb8faa20ab9,5357,size_in_bytes,lib/ocaml/stdlib__Sys.cmt,136055
2026-02-06T15:02:15Z,7e7d5d8c97a8904890a2adfd4ee81cb8faa20ab9,5357,size_in_bytes,lib/ocaml/compiler_owee__Owee_debug_line.cmt,300969
2026-02-06T15:02:15Z,7e7d5d8c97a8904890a2adfd4ee81cb8faa20ab9,5357,size_in_bytes,lib/ocaml/compiler_owee__Unix_intf.cmt,19324
2026-02-06T15:02:15Z,7e7d5d8c97a8904890a2adfd4ee81cb8faa20ab9,5357,size_in_bytes,lib/ocaml/stdlib__Option.cmt,51460
2026-02-06T15:02:15Z,7e7d5d8c97a8904890a2adfd4ee81cb8faa20ab9,5357,size_in_bytes,lib/ocaml/stdlib__Either.cmt,52609
2026-02-06T15:02:15Z,7e7d5d8c97a8904890a2adfd4ee81cb8faa20ab9,5357,size_in_bytes,lib/ocaml/compiler_owee__Owee_elf_string_table.cmt,27308
2026-02-06T15:02:15Z,7e7d5d8c97a8904890a2adfd4ee81cb8faa20ab9,5357,size_in_bytes,lib/ocaml/stdlib__Format.cmt,1448718
2026-02-06T15:02:15Z,7e7d5d8c97a8904890a2adfd4ee81cb8faa20ab9,5357,size_in_bytes,lib/ocaml/stdlib__Float.cmt,819907
2026-02-06T15:02:15Z,7e7d5d8c97a8904890a2adfd4ee81cb8faa20ab9,5357,size_in_bytes,lib/ocaml/stdlib__Atomic.cmt,43346
2026-02-06T15:02:15Z,7e7d5d8c97a8904890a2adfd4ee81cb8faa20ab9,5357,size_in_bytes,lib/ocaml/std_exit.cmt,9391
2026-02-06T15:02:15Z,7e7d5d8c97a8904890a2adfd4ee81cb8faa20ab9,5357,size_in_bytes,lib/ocaml/stdlib__Parsing.cmt,174880
2026-02-06T15:02:15Z,7e7d5d8c97a8904890a2adfd4ee81cb8faa20ab9,5357,size_in_bytes,lib/ocaml/compiler_owee__Owee_buf.cmt,255190
2026-02-06T15:02:15Z,7e7d5d8c97a8904890a2adfd4ee81cb8faa20ab9,5357,size_in_bytes,lib/ocaml/stdlib__Complex.cmt,165991
2026-02-06T15:02:15Z,7e7d5d8c97a8904890a2adfd4ee81cb8faa20ab9,5357,size_in_bytes,lib/ocaml/stdlib__Semaphore.cmt,62973
2026-02-06T15:02:15Z,7e7d5d8c97a8904890a2adfd4ee81cb8faa20ab9,5357,size_in_bytes,lib/ocaml/stdlib__Int64.cmt,109961
2026-02-06T15:02:15Z,7e7d5d8c97a8904890a2adfd4ee81cb8faa20ab9,5357,size_in_bytes,lib/ocaml/stdlib__StringLabels.cmt,50495
2026-02-06T15:02:15Z,7e7d5d8c97a8904890a2adfd4ee81cb8faa20ab9,5357,size_in_bytes,lib/ocaml/compiler_owee__Owee_elf_relocation.cmt,136750
2026-02-06T15:02:15Z,7e7d5d8c97a8904890a2adfd4ee81cb8faa20ab9,5357,size_in_bytes,lib/ocaml/camlinternalFormat.cmt,4295471
2026-02-06T15:02:15Z,7e7d5d8c97a8904890a2adfd4ee81cb8faa20ab9,5357,size_in_bytes,lib/ocaml/stdlib__Uchar.cmt,103811
2026-02-06T15:02:15Z,7e7d5d8c97a8904890a2adfd4ee81cb8faa20ab9,5357,size_in_bytes,lib/ocaml/stdlib__ArrayLabels.cmt,45378
2026-02-06T15:02:15Z,7e7d5d8c97a8904890a2adfd4ee81cb8faa20ab9,5357,size_in_bytes,lib/ocaml/compiler_owee__Owee_marker.cmt,182022
2026-02-06T15:02:15Z,7e7d5d8c97a8904890a2adfd4ee81cb8faa20ab9,5357,size_in_bytes,lib/ocaml/topdirs.cmt,671279
2026-02-06T15:02:15Z,7e7d5d8c97a8904890a2adfd4ee81cb8faa20ab9,5357,size_in_bytes,lib/ocaml/stdlib__Unit.cmt,12881
2026-02-06T15:02:15Z,7e7d5d8c97a8904890a2adfd4ee81cb8faa20ab9,5357,size_in_bytes,lib/ocaml/camlinternalLazy.cmt,58106
2026-02-06T15:02:15Z,7e7d5d8c97a8904890a2adfd4ee81cb8faa20ab9,5357,size_in_bytes,lib/ocaml/stdlib__Domain.cmt,435343
2026-02-06T15:02:15Z,7e7d5d8c97a8904890a2adfd4ee81cb8faa20ab9,5357,size_in_bytes,lib/ocaml/stdlib__Lazy.cmt,45351
2026-02-06T15:02:15Z,7e7d5d8c97a8904890a2adfd4ee81cb8faa20ab9,5357,size_in_bytes,lib/ocaml/stdlib__Char.cmt,67294
2026-02-06T15:02:15Z,7e7d5d8c97a8904890a2adfd4ee81cb8faa20ab9,5357,size_in_bytes,lib/ocaml/stdlib__Condition.cmt,12020
2026-02-06T15:02:15Z,7e7d5d8c97a8904890a2adfd4ee81cb8faa20ab9,5357,size_in_bytes,lib/ocaml/stdlib__Random.cmt,421985
2026-02-06T15:02:15Z,7e7d5d8c97a8904890a2adfd4ee81cb8faa20ab9,5357,size_in_bytes,lib/ocaml/stdlib__Filename.cmt,542226
2026-02-06T15:02:15Z,7e7d5d8c97a8904890a2adfd4ee81cb8faa20ab9,5357,size_in_bytes,lib/ocaml/stdlib__Type.cmt,24060
2026-02-06T15:02:15Z,7e7d5d8c97a8904890a2adfd4ee81cb8faa20ab9,5357,size_in_bytes,lib/ocaml/compiler_owee.cmt,18634
2026-02-06T15:02:15Z,7e7d5d8c97a8904890a2adfd4ee81cb8faa20ab9,5357,size_in_bytes,lib/ocaml/camlinternalComprehension.cmt,38826
2026-02-06T15:02:15Z,7e7d5d8c97a8904890a2adfd4ee81cb8faa20ab9,5357,size_in_bytes,lib/ocaml/compiler_owee__Owee_location.cmt,255959
2026-02-06T15:02:15Z,7e7d5d8c97a8904890a2adfd4ee81cb8faa20ab9,5357,size_in_bytes,lib/ocaml/stdlib__List.cmt,830841
2026-02-06T15:02:15Z,7e7d5d8c97a8904890a2adfd4ee81cb8faa20ab9,5357,size_in_bytes,lib/ocaml/stdlib__Buffer.cmt,501443
2026-02-06T15:02:15Z,7e7d5d8c97a8904890a2adfd4ee81cb8faa20ab9,5357,size_in_bytes,lib/ocaml/stdlib__String.cmt,396305
2026-02-06T15:02:15Z,7e7d5d8c97a8904890a2adfd4ee81cb8faa20ab9,5357,size_in_bytes,lib/ocaml/compiler_owee__Owee_interval_map.cmt,254697
2026-02-06T15:02:15Z,7e7d5d8c97a8904890a2adfd4ee81cb8faa20ab9,5357,size_in_bytes,lib/ocaml/camlinternalMod.cmt,85022
2026-02-06T15:02:15Z,7e7d5d8c97a8904890a2adfd4ee81cb8faa20ab9,5357,size_in_bytes,lib/ocaml/compiler_owee__Owee_archive.cmt,220134
2026-02-06T15:02:15Z,7e7d5d8c97a8904890a2adfd4ee81cb8faa20ab9,5357,size_in_bytes,lib/ocaml/stdlib__Out_channel.cmt,63801
2026-02-06T15:02:15Z,7e7d5d8c97a8904890a2adfd4ee81cb8faa20ab9,5357,size_in_bytes,lib/ocaml/stdlib__Printf.cmt,56390
2026-02-06T15:02:15Z,7e7d5d8c97a8904890a2adfd4ee81cb8faa20ab9,5357,size_in_bytes,lib/ocaml/compiler_owee__Owee_elf_notes.cmt,193372
2026-02-06T15:02:15Z,7e7d5d8c97a8904890a2adfd4ee81cb8faa20ab9,5357,size_in_bytes,lib/ocaml/camlinternalQuote.cmt,3330730
2026-02-06T15:02:15Z,7e7d5d8c97a8904890a2adfd4ee81cb8faa20ab9,5357,size_in_bytes,lib/ocaml/stdlib__Int.cmt,54164
2026-02-06T15:02:15Z,7e7d5d8c97a8904890a2adfd4ee81cb8faa20ab9,5357,size_in_bytes,lib/ocaml/stdlib__Gc.cmt,168890
2026-02-06T15:02:15Z,7e7d5d8c97a8904890a2adfd4ee81cb8faa20ab9,5357,size_in_bytes,lib/ocaml/compiler_owee__Owee_elf.cmt,654649
2026-02-06T15:02:15Z,7e7d5d8c97a8904890a2adfd4ee81cb8faa20ab9,5357,size_in_bytes,lib/ocaml/stdlib.cmt,526299
2026-02-06T15:02:15Z,7e7d5d8c97a8904890a2adfd4ee81cb8faa20ab9,5357,size_in_bytes,lib/ocaml/stdlib__Queue.cmt,113208
2026-02-06T15:02:15Z,7e7d5d8c97a8904890a2adfd4ee81cb8faa20ab9,5357,size_in_bytes,lib/ocaml/stdlib__Result.cmt,67480
2026-02-06T15:02:15Z,7e7d5d8c97a8904890a2adfd4ee81cb8faa20ab9,5357,size_in_bytes,lib/ocaml/stdlib__Effect.cmt,143659
2026-02-06T15:02:15Z,7e7d5d8c97a8904890a2adfd4ee81cb8faa20ab9,5357,size_in_bytes,lib/ocaml/camlinternalOO.cmt,836361
2026-02-06T15:02:15Z,7e7d5d8c97a8904890a2adfd4ee81cb8faa20ab9,5357,size_in_bytes,lib/ocaml/stdlib__BytesLabels.cmt,71300
2026-02-06T15:02:15Z,7e7d5d8c97a8904890a2adfd4ee81cb8faa20ab9,5357,size_in_bytes,lib/ocaml/stdlib__Callback.cmt,26909
2026-02-06T15:02:15Z,7e7d5d8c97a8904890a2adfd4ee81cb8faa20ab9,5357,size_in_bytes,lib/ocaml/stdlib__Arg.cmt,495639
2026-02-06T15:02:15Z,7e7d5d8c97a8904890a2adfd4ee81cb8faa20ab9,5357,size_in_bytes,lib/ocaml/stdlib__Int32.cmt,113868
2026-02-06T15:02:15Z,7e7d5d8c97a8904890a2adfd4ee81cb8faa20ab9,5357,size_in_bytes,lib/ocaml/stdlib__In_channel.cmt,192069
2026-02-06T15:02:15Z,7e7d5d8c97a8904890a2adfd4ee81cb8faa20ab9,5357,size_in_bytes,lib/ocaml/camlinternalAtomic.cmt,32226
2026-02-06T15:02:15Z,7e7d5d8c97a8904890a2adfd4ee81cb8faa20ab9,5357,size_in_bytes,lib/ocaml/stdlib__Dynarray.cmt,607271
2026-02-06T15:02:15Z,7e7d5d8c97a8904890a2adfd4ee81cb8faa20ab9,5357,size_in_bytes,lib/ocaml/stdlib__Bigarray.cmt,533363
2026-02-06T15:02:15Z,7e7d5d8c97a8904890a2adfd4ee81cb8faa20ab9,5357,size_in_bytes,lib/ocaml/stdlib__Map.cmt,1529748
2026-02-06T15:02:15Z,7e7d5d8c97a8904890a2adfd4ee81cb8faa20ab9,5357,size_in_bytes,lib/ocaml/compiler_owee__Owee_linux_maps.cmt,53765
2026-02-06T15:02:15Z,7e7d5d8c97a8904890a2adfd4ee81cb8faa20ab9,5357,size_in_bytes,lib/ocaml/stdlib__Fun.cmt,34091
2026-02-06T15:02:15Z,7e7d5d8c97a8904890a2adfd4ee81cb8faa20ab9,5357,size_in_bytes,lib/ocaml/stdlib__Quote.cmt,57668
2026-02-06T15:02:15Z,7e7d5d8c97a8904890a2adfd4ee81cb8faa20ab9,5357,size_in_bytes,lib/ocaml/stdlib__Backoff.cmt,81858
2026-02-06T15:02:15Z,7e7d5d8c97a8904890a2adfd4ee81cb8faa20ab9,5357,size_in_bytes,lib/ocaml/compiler_owee__Owee_graph.cmt,200207
2026-02-06T15:02:15Z,7e7d5d8c97a8904890a2adfd4ee81cb8faa20ab9,5357,size_in_bytes,lib/ocaml/stdlib__MoreLabels.cmt,17949
2026-02-06T15:02:15Z,7e7d5d8c97a8904890a2adfd4ee81cb8faa20ab9,5357,size_in_bytes,lib/ocaml/opttopdirs.cmt,340861
2026-02-06T15:02:15Z,7e7d5d8c97a8904890a2adfd4ee81cb8faa20ab9,5357,size_in_bytes,lib/ocaml/stdlib__Stack.cmt,64299
2026-02-06T15:02:15Z,7e7d5d8c97a8904890a2adfd4ee81cb8faa20ab9,5357,size_in_bytes,lib/ocaml/compiler_owee__Owee_form.cmt,64927
2026-02-06T15:02:15Z,7e7d5d8c97a8904890a2adfd4ee81cb8faa20ab9,5357,size_in_bytes,lib/ocaml/stdlib__Mutex.cmt,17720
2026-02-06T15:02:15Z,7e7d5d8c97a8904890a2adfd4ee81cb8faa20ab9,5357,size_in_bytes,lib/ocaml/compiler_owee__Owee_object.cmt,167674
2026-02-06T15:02:15Z,7e7d5d8c97a8904890a2adfd4ee81cb8faa20ab9,5357,size_in_bytes,lib/ocaml/stdlib__ListLabels.cmt,59895
2026-02-06T15:02:15Z,7e7d5d8c97a8904890a2adfd4ee81cb8faa20ab9,5357,size_in_bytes,lib/ocaml/stdlib__Nativeint.cmt,112299
2026-02-06T15:02:15Z,7e7d5d8c97a8904890a2adfd4ee81cb8faa20ab9,5357,size_in_bytes,lib/ocaml/stdlib__Marshal.cmt,64294
2026-02-06T15:02:15Z,7e7d5d8c97a8904890a2adfd4ee81cb8faa20ab9,5357,size_in_bytes,lib/ocaml/stdlib_upstream_compatible/stdlib_upstream_compatible__Int64_u.cmt,168340
2026-02-06T15:02:15Z,7e7d5d8c97a8904890a2adfd4ee81cb8faa20ab9,5357,size_in_bytes,lib/ocaml/stdlib_upstream_compatible/stdlib_upstream_compatible__.cmt,10818
2026-02-06T15:02:15Z,7e7d5d8c97a8904890a2adfd4ee81cb8faa20ab9,5357,size_in_bytes,lib/ocaml/stdlib_upstream_compatible/stdlib_upstream_compatible__Int32_u.cmt,143814
2026-02-06T15:02:15Z,7e7d5d8c97a8904890a2adfd4ee81cb8faa20ab9,5357,size_in_bytes,lib/ocaml/stdlib_upstream_compatible/stdlib_upstream_compatible__Nativeint_u.cmt,152103
2026-02-06T15:02:15Z,7e7d5d8c97a8904890a2adfd4ee81cb8faa20ab9,5357,size_in_bytes,lib/ocaml/stdlib_upstream_compatible/stdlib_upstream_compatible__Float_u.cmt,236433
2026-02-06T15:02:15Z,7e7d5d8c97a8904890a2adfd4ee81cb8faa20ab9,5357,size_in_bytes,lib/ocaml/stdlib_upstream_compatible/stdlib_upstream_compatible.cmt,7555
2026-02-06T15:02:15Z,7e7d5d8c97a8904890a2adfd4ee81cb8faa20ab9,5357,size_in_bytes,lib/ocaml/unix/unix.cmt,880108
2026-02-06T15:02:15Z,7e7d5d8c97a8904890a2adfd4ee81cb8faa20ab9,5357,size_in_bytes,lib/ocaml/unix/unixLabels.cmt,154579
2026-02-06T15:02:15Z,7e7d5d8c97a8904890a2adfd4ee81cb8faa20ab9,5357,size_in_bytes,lib/ocaml/stdlib_alpha/stdlib_alpha.cmt,7802
2026-02-06T15:02:15Z,7e7d5d8c97a8904890a2adfd4ee81cb8faa20ab9,5357,size_in_bytes,lib/ocaml/ocaml-jit/jit.cmt,558099
2026-02-06T15:02:15Z,7e7d5d8c97a8904890a2adfd4ee81cb8faa20ab9,5357,size_in_bytes,lib/ocaml/stdlib_beta/stdlib_beta.cmt,7014
2026-02-06T15:02:15Z,7e7d5d8c97a8904890a2adfd4ee81cb8faa20ab9,5357,size_in_bytes,lib/ocaml/stdlib_stable/stdlib_stable__.cmt,16822
2026-02-06T15:02:15Z,7e7d5d8c97a8904890a2adfd4ee81cb8faa20ab9,5357,size_in_bytes,lib/ocaml/stdlib_stable/stdlib_stable__Float32.cmt,218374
2026-02-06T15:02:15Z,7e7d5d8c97a8904890a2adfd4ee81cb8faa20ab9,5357,size_in_bytes,lib/ocaml/stdlib_stable/stdlib_stable__Int16_u.cmt,78990
2026-02-06T15:02:15Z,7e7d5d8c97a8904890a2adfd4ee81cb8faa20ab9,5357,size_in_bytes,lib/ocaml/stdlib_stable/stdlib_stable__Int8_u.cmt,78895
2026-02-06T15:02:15Z,7e7d5d8c97a8904890a2adfd4ee81cb8faa20ab9,5357,size_in_bytes,lib/ocaml/stdlib_stable/stdlib_stable__Int8.cmt,71221
2026-02-06T15:02:15Z,7e7d5d8c97a8904890a2adfd4ee81cb8faa20ab9,5357,size_in_bytes,lib/ocaml/stdlib_stable/stdlib_stable__Iarray.cmt,1064270
2026-02-06T15:02:15Z,7e7d5d8c97a8904890a2adfd4ee81cb8faa20ab9,5357,size_in_bytes,lib/ocaml/stdlib_stable/stdlib_stable__Char_u.cmt,39212
2026-02-06T15:02:15Z,7e7d5d8c97a8904890a2adfd4ee81cb8faa20ab9,5357,size_in_bytes,lib/ocaml/stdlib_stable/stdlib_stable__Float32_u.cmt,427207
2026-02-06T15:02:15Z,7e7d5d8c97a8904890a2adfd4ee81cb8faa20ab9,5357,size_in_bytes,lib/ocaml/stdlib_stable/stdlib_stable__Idx_mut.cmt,11972
2026-02-06T15:02:15Z,7e7d5d8c97a8904890a2adfd4ee81cb8faa20ab9,5357,size_in_bytes,lib/ocaml/stdlib_stable/stdlib_stable__Int16.cmt,71304
2026-02-06T15:02:15Z,7e7d5d8c97a8904890a2adfd4ee81cb8faa20ab9,5357,size_in_bytes,lib/ocaml/stdlib_stable/stdlib_stable.cmt,12976
2026-02-06T15:02:15Z,7e7d5d8c97a8904890a2adfd4ee81cb8faa20ab9,5357,size_in_bytes,lib/ocaml/stdlib_stable/stdlib_stable__Int.cmt,66906
2026-02-06T15:02:15Z,7e7d5d8c97a8904890a2adfd4ee81cb8faa20ab9,5357,size_in_bytes,lib/ocaml/stdlib_stable/stdlib_stable__Idx_imm.cmt,10642
2026-02-06T15:02:15Z,7e7d5d8c97a8904890a2adfd4ee81cb8faa20ab9,5357,size_in_bytes,lib/ocaml/stdlib_stable/stdlib_stable__Or_null.cmt,53700
2026-02-06T15:02:15Z,7e7d5d8c97a8904890a2adfd4ee81cb8faa20ab9,5357,size_in_bytes,lib/ocaml/stdlib_stable/stdlib_stable__IarrayLabels.cmt,1059516
2026-02-06T15:02:15Z,7e7d5d8c97a8904890a2adfd4ee81cb8faa20ab9,5357,size_in_bytes,lib/ocaml/stdlib_stable/stdlib_stable__Int_u.cmt,75286
2026-02-06T15:02:15Z,7e7d5d8c97a8904890a2adfd4ee81cb8faa20ab9,5357,size_in_bytes,lib/ocaml/dynlink/dynlink.cmt,57573
2026-02-06T15:02:15Z,7e7d5d8c97a8904890a2adfd4ee81cb8faa20ab9,5357,size_in_bytes,lib/ocaml/compiler-libs/flambda2_terms__Mutability.cmt,37058
2026-02-06T15:02:15Z,7e7d5d8c97a8904890a2adfd4ee81cb8faa20ab9,5357,size_in_bytes,lib/ocaml/compiler-libs/flambda2_identifiers__Flambda_debug_uid.cmt,181899
2026-02-06T15:02:15Z,7e7d5d8c97a8904890a2adfd4ee81cb8faa20ab9,5357,size_in_bytes,lib/ocaml/compiler-libs/regalloc_validate.cmt,1391430
2026-02-06T15:02:15Z,7e7d5d8c97a8904890a2adfd4ee81cb8faa20ab9,5357,size_in_bytes,lib/ocaml/compiler-libs/flambda2_types__Aliases.cmt,821386
2026-02-06T15:02:15Z,7e7d5d8c97a8904890a2adfd4ee81cb8faa20ab9,5357,size_in_bytes,lib/ocaml/compiler-libs/flambda2_to_cmm.cmt,13267
2026-02-06T15:02:15Z,7e7d5d8c97a8904890a2adfd4ee81cb8faa20ab9,5357,size_in_bytes,lib/ocaml/compiler-libs/dwarf_high__Simple_location_description_lang.cmt,98992
2026-02-06T15:02:15Z,7e7d5d8c97a8904890a2adfd4ee81cb8faa20ab9,5357,size_in_bytes,lib/ocaml/compiler-libs/linear_format.cmt,89845
2026-02-06T15:02:15Z,7e7d5d8c97a8904890a2adfd4ee81cb8faa20ab9,5357,size_in_bytes,lib/ocaml/compiler-libs/domainstate.cmt,187442
2026-02-06T15:02:15Z,7e7d5d8c97a8904890a2adfd4ee81cb8faa20ab9,5357,size_in_bytes,lib/ocaml/compiler-libs/flambda2_cmx__Flambda_cmx.cmt,189393
2026-02-06T15:02:15Z,7e7d5d8c97a8904890a2adfd4ee81cb8faa20ab9,5357,size_in_bytes,lib/ocaml/compiler-libs/compilenv.cmt,263311
2026-02-06T15:02:15Z,7e7d5d8c97a8904890a2adfd4ee81cb8faa20ab9,5357,size_in_bytes,lib/ocaml/compiler-libs/parse.cmt,194421
2026-02-06T15:02:15Z,7e7d5d8c97a8904890a2adfd4ee81cb8faa20ab9,5357,size_in_bytes,lib/ocaml/compiler-libs/printblambda.cmt,456292
2026-02-06T15:02:15Z,7e7d5d8c97a8904890a2adfd4ee81cb8faa20ab9,5357,size_in_bytes,lib/ocaml/compiler-libs/cfg_prologue.cmt,456331
2026-02-06T15:02:15Z,7e7d5d8c97a8904890a2adfd4ee81cb8faa20ab9,5357,size_in_bytes,lib/ocaml/compiler-libs/maindriver.cmt,118744
2026-02-06T15:02:15Z,7e7d5d8c97a8904890a2adfd4ee81cb8faa20ab9,5357,size_in_bytes,lib/ocaml/compiler-libs/location.cmt,1133151
2026-02-06T15:02:15Z,7e7d5d8c97a8904890a2adfd4ee81cb8faa20ab9,5357,size_in_bytes,lib/ocaml/compiler-libs/dwarf_low__Dwarf_operator.cmt,328556
2026-02-06T15:02:15Z,7e7d5d8c97a8904890a2adfd4ee81cb8faa20ab9,5357,size_in_bytes,lib/ocaml/compiler-libs/flambda2_to_jsir__To_jsir_result.cmt,142622
2026-02-06T15:02:15Z,7e7d5d8c97a8904890a2adfd4ee81cb8faa20ab9,5357,size_in_bytes,lib/ocaml/compiler-libs/flambda2_bound_identifiers__Bound_continuations.cmt,62084
2026-02-06T15:02:15Z,7e7d5d8c97a8904890a2adfd4ee81cb8faa20ab9,5357,size_in_bytes,lib/ocaml/compiler-libs/flambda2_terms__Apply_cont_expr.cmt,294224
2026-02-06T15:02:15Z,7e7d5d8c97a8904890a2adfd4ee81cb8faa20ab9,5357,size_in_bytes,lib/ocaml/compiler-libs/flambda2_terms__Probe.cmt,27015
2026-02-06T15:02:15Z,7e7d5d8c97a8904890a2adfd4ee81cb8faa20ab9,5357,size_in_bytes,lib/ocaml/compiler-libs/translmod.cmt,1410506
2026-02-06T15:02:15Z,7e7d5d8c97a8904890a2adfd4ee81cb8faa20ab9,5357,size_in_bytes,lib/ocaml/compiler-libs/flambda2_simplify__Lifted_cont_params.cmt,93533
2026-02-06T15:02:15Z,7e7d5d8c97a8904890a2adfd4ee81cb8faa20ab9,5357,size_in_bytes,lib/ocaml/compiler-libs/flambda2_types__Type_grammar.cmt,4355127
2026-02-06T15:02:15Z,7e7d5d8c97a8904890a2adfd4ee81cb8faa20ab9,5357,size_in_bytes,lib/ocaml/compiler-libs/linear.cmt,57818
2026-02-06T15:02:15Z,7e7d5d8c97a8904890a2adfd4ee81cb8faa20ab9,5357,size_in_bytes,lib/ocaml/compiler-libs/compiler_hooks.cmt,126223
2026-02-06T15:02:15Z,7e7d5d8c97a8904890a2adfd4ee81cb8faa20ab9,5357,size_in_bytes,lib/ocaml/compiler-libs/flambda2_reaper__Field.cmt,269658
2026-02-06T15:02:15Z,7e7d5d8c97a8904890a2adfd4ee81cb8faa20ab9,5357,size_in_bytes,lib/ocaml/compiler-libs/flambda2_term_basics__Symbol_projection.cmt,143304
2026-02-06T15:02:15Z,7e7d5d8c97a8904890a2adfd4ee81cb8faa20ab9,5357,size_in_bytes,lib/ocaml/compiler-libs/flambda2_nominal__Name_occurrences.cmt,1146681
2026-02-06T15:02:15Z,7e7d5d8c97a8904890a2adfd4ee81cb8faa20ab9,5357,size_in_bytes,lib/ocaml/compiler-libs/translclass.cmt,1381548
2026-02-06T15:02:15Z,7e7d5d8c97a8904890a2adfd4ee81cb8faa20ab9,5357,size_in_bytes,lib/ocaml/compiler-libs/signature_with_global_bindings.cmt,66876
2026-02-06T15:02:15Z,7e7d5d8c97a8904890a2adfd4ee81cb8faa20ab9,5357,size_in_bytes,lib/ocaml/compiler-libs/clflags.cmt,813718
2026-02-06T15:02:15Z,7e7d5d8c97a8904890a2adfd4ee81cb8faa20ab9,5357,size_in_bytes,lib/ocaml/compiler-libs/flambda2_term_basics__Or_variable.cmt,47265
2026-02-06T15:02:15Z,7e7d5d8c97a8904890a2adfd4ee81cb8faa20ab9,5357,size_in_bytes,lib/ocaml/compiler-libs/typedecl.cmt,4147837
2026-02-06T15:02:15Z,7e7d5d8c97a8904890a2adfd4ee81cb8faa20ab9,5357,size_in_bytes,lib/ocaml/compiler-libs/dwarf_low__Inline_code.cmt,17917
2026-02-06T15:02:15Z,7e7d5d8c97a8904890a2adfd4ee81cb8faa20ab9,5357,size_in_bytes,lib/ocaml/compiler-libs/flambda2_to_cmm__To_cmm_primitive.cmt,1967082
2026-02-06T15:02:15Z,7e7d5d8c97a8904890a2adfd4ee81cb8faa20ab9,5357,size_in_bytes,lib/ocaml/compiler-libs/dwarf_low__Location_or_range_list_table.cmt,98601
2026-02-06T15:02:15Z,7e7d5d8c97a8904890a2adfd4ee81cb8faa20ab9,5357,size_in_bytes,lib/ocaml/compiler-libs/flambda2_terms__Set_of_closures.cmt,284871
2026-02-06T15:02:15Z,7e7d5d8c97a8904890a2adfd4ee81cb8faa20ab9,5357,size_in_bytes,lib/ocaml/compiler-libs/flambda2_parser__Flambda_lex.cmt,221014
2026-02-06T15:02:15Z,7e7d5d8c97a8904890a2adfd4ee81cb8faa20ab9,5357,size_in_bytes,lib/ocaml/compiler-libs/binary_emitter_verify.cmt,539638
2026-02-06T15:02:15Z,7e7d5d8c97a8904890a2adfd4ee81cb8faa20ab9,5357,size_in_bytes,lib/ocaml/compiler-libs/pparse.cmt,236243
2026-02-06T15:02:15Z,7e7d5d8c97a8904890a2adfd4ee81cb8faa20ab9,5357,size_in_bytes,lib/ocaml/compiler-libs/local_store.cmt,63814
2026-02-06T15:02:15Z,7e7d5d8c97a8904890a2adfd4ee81cb8faa20ab9,5357,size_in_bytes,lib/ocaml/compiler-libs/flambda2_simplify__Simplify_set_of_closures.cmt,935251
2026-02-06T15:02:15Z,7e7d5d8c97a8904890a2adfd4ee81cb8faa20ab9,5357,size_in_bytes,lib/ocaml/compiler-libs/zero_alloc_checker.cmt,2866321
2026-02-06T15:02:15Z,7e7d5d8c97a8904890a2adfd4ee81cb8faa20ab9,5357,size_in_bytes,lib/ocaml/compiler-libs/flambda2_reaper__Traverse_acc.cmt,420037
2026-02-06T15:02:15Z,7e7d5d8c97a8904890a2adfd4ee81cb8faa20ab9,5357,size_in_bytes,lib/ocaml/compiler-libs/stack_class.cmt,56451
2026-02-06T15:02:15Z,7e7d5d8c97a8904890a2adfd4ee81cb8faa20ab9,5357,size_in_bytes,lib/ocaml/compiler-libs/flambda2_terms__Exn_continuation.cmt,255462
2026-02-06T15:02:15Z,7e7d5d8c97a8904890a2adfd4ee81cb8faa20ab9,5357,size_in_bytes,lib/ocaml/compiler-libs/flambda2_from_lambda__Closure_conversion.cmt,3591028
2026-02-06T15:02:15Z,7e7d5d8c97a8904890a2adfd4ee81cb8faa20ab9,5357,size_in_bytes,lib/ocaml/compiler-libs/cfg_to_linear.cmt,383716
2026-02-06T15:02:15Z,7e7d5d8c97a8904890a2adfd4ee81cb8faa20ab9,5357,size_in_bytes,lib/ocaml/compiler-libs/slambda0.cmt,7635
2026-02-06T15:02:15Z,7e7d5d8c97a8904890a2adfd4ee81cb8faa20ab9,5357,size_in_bytes,lib/ocaml/compiler-libs/flambda2_types__Typing_env_level.cmt,237506
2026-02-06T15:02:15Z,7e7d5d8c97a8904890a2adfd4ee81cb8faa20ab9,5357,size_in_bytes,lib/ocaml/compiler-libs/diffing.cmt,461267
2026-02-06T15:02:15Z,7e7d5d8c97a8904890a2adfd4ee81cb8faa20ab9,5357,size_in_bytes,lib/ocaml/compiler-libs/flambda2_simplify__Upwards_env.cmt,178094
2026-02-06T15:02:15Z,7e7d5d8c97a8904890a2adfd4ee81cb8faa20ab9,5357,size_in_bytes,lib/ocaml/compiler-libs/flambda2_kinds__Tag.cmt,387640
2026-02-06T15:02:15Z,7e7d5d8c97a8904890a2adfd4ee81cb8faa20ab9,5357,size_in_bytes,lib/ocaml/compiler-libs/linear_utils.cmt,33822
2026-02-06T15:02:15Z,7e7d5d8c97a8904890a2adfd4ee81cb8faa20ab9,5357,size_in_bytes,lib/ocaml/compiler-libs/flambda2_simplify__Simplify_binary_primitive.cmt,3327594
2026-02-06T15:02:15Z,7e7d5d8c97a8904890a2adfd4ee81cb8faa20ab9,5357,size_in_bytes,lib/ocaml/compiler-libs/lexer.cmt,1283809
2026-02-06T15:02:15Z,7e7d5d8c97a8904890a2adfd4ee81cb8faa20ab9,5357,size_in_bytes,lib/ocaml/compiler-libs/flambda2_reaper__Traverse.cmt,879428
2026-02-06T15:02:15Z,7e7d5d8c97a8904890a2adfd4ee81cb8faa20ab9,5357,size_in_bytes,lib/ocaml/compiler-libs/cfg_simplify.cmt,233033
2026-02-06T15:02:15Z,7e7d5d8c97a8904890a2adfd4ee81cb8faa20ab9,5357,size_in_bytes,lib/ocaml/compiler-libs/arg_helper.cmt,119701
2026-02-06T15:02:15Z,7e7d5d8c97a8904890a2adfd4ee81cb8faa20ab9,5357,size_in_bytes,lib/ocaml/compiler-libs/flambda2_from_lambda__Closure_conversion_aux.cmt,1043611
2026-02-06T15:02:15Z,7e7d5d8c97a8904890a2adfd4ee81cb8faa20ab9,5357,size_in_bytes,lib/ocaml/compiler-libs/regalloc_stack_slots.cmt,367273
2026-02-06T15:02:15Z,7e7d5d8c97a8904890a2adfd4ee81cb8faa20ab9,5357,size_in_bytes,lib/ocaml/compiler-libs/cfg_intf.cmt,68375
2026-02-06T15:02:15Z,7e7d5d8c97a8904890a2adfd4ee81cb8faa20ab9,5357,size_in_bytes,lib/ocaml/compiler-libs/flambda2_terms__Flambda_primitive.cmt,3237174
2026-02-06T15:02:15Z,7e7d5d8c97a8904890a2adfd4ee81cb8faa20ab9,5357,size_in_bytes,lib/ocaml/compiler-libs/flambda2_parser__Fexpr_prim.cmt,798839
2026-02-06T15:02:15Z,7e7d5d8c97a8904890a2adfd4ee81cb8faa20ab9,5357,size_in_bytes,lib/ocaml/compiler-libs/flambda2_parser__Fexpr.cmt,141849
2026-02-06T15:02:15Z,7e7d5d8c97a8904890a2adfd4ee81cb8faa20ab9,5357,size_in_bytes,lib/ocaml/compiler-libs/flambda2_datalog__Column.cmt,167098
2026-02-06T15:02:15Z,7e7d5d8c97a8904890a2adfd4ee81cb8faa20ab9,5357,size_in_bytes,lib/ocaml/compiler-libs/byteinstantiator.cmt,51915
2026-02-06T15:02:15Z,7e7d5d8c97a8904890a2adfd4ee81cb8faa20ab9,5357,size_in_bytes,lib/ocaml/compiler-libs/debug.cmt,16405
2026-02-06T15:02:15Z,7e7d5d8c97a8904890a2adfd4ee81cb8faa20ab9,5357,size_in_bytes,lib/ocaml/compiler-libs/patterns.cmt,238143
2026-02-06T15:02:15Z,7e7d5d8c97a8904890a2adfd4ee81cb8faa20ab9,5357,size_in_bytes,lib/ocaml/compiler-libs/flambda2_terms__Code.cmt,57682
2026-02-06T15:02:15Z,7e7d5d8c97a8904890a2adfd4ee81cb8faa20ab9,5357,size_in_bytes,lib/ocaml/compiler-libs/flambda2_compare.cmt,7615
2026-02-06T15:02:15Z,7e7d5d8c97a8904890a2adfd4ee81cb8faa20ab9,5357,size_in_bytes,lib/ocaml/compiler-libs/jit_backend.cmt,129946
2026-02-06T15:02:15Z,7e7d5d8c97a8904890a2adfd4ee81cb8faa20ab9,5357,size_in_bytes,lib/ocaml/compiler-libs/flambda2_simplify__Continuation_uses.cmt,188254
2026-02-06T15:02:15Z,7e7d5d8c97a8904890a2adfd4ee81cb8faa20ab9,5357,size_in_bytes,lib/ocaml/compiler-libs/flambda2_numbers__Or_infinity.cmt,29884
2026-02-06T15:02:15Z,7e7d5d8c97a8904890a2adfd4ee81cb8faa20ab9,5357,size_in_bytes,lib/ocaml/compiler-libs/persistent_env.cmt,1175600
2026-02-06T15:02:15Z,7e7d5d8c97a8904890a2adfd4ee81cb8faa20ab9,5357,size_in_bytes,lib/ocaml/compiler-libs/mode.cmt,5736263
2026-02-06T15:02:15Z,7e7d5d8c97a8904890a2adfd4ee81cb8faa20ab9,5357,size_in_bytes,lib/ocaml/compiler-libs/extra_debug.cmt,48429
2026-02-06T15:02:15Z,7e7d5d8c97a8904890a2adfd4ee81cb8faa20ab9,5357,size_in_bytes,lib/ocaml/compiler-libs/flambda2_terms__Inlining_state.cmt,63550
2026-02-06T15:02:15Z,7e7d5d8c97a8904890a2adfd4ee81cb8faa20ab9,5357,size_in_bytes,lib/ocaml/compiler-libs/flambda2_types__Set_of_closures_contents.cmt,430410
2026-02-06T15:02:15Z,7e7d5d8c97a8904890a2adfd4ee81cb8faa20ab9,5357,size_in_bytes,lib/ocaml/compiler-libs/flambda2_lattices__Or_unknown_or_bottom.cmt,58585
2026-02-06T15:02:15Z,7e7d5d8c97a8904890a2adfd4ee81cb8faa20ab9,5357,size_in_bytes,lib/ocaml/compiler-libs/branch_relaxation.cmt,182073
2026-02-06T15:02:15Z,7e7d5d8c97a8904890a2adfd4ee81cb8faa20ab9,5357,size_in_bytes,lib/ocaml/compiler-libs/flambda2_numbers__Target_ocaml_int.cmt,886951
2026-02-06T15:02:15Z,7e7d5d8c97a8904890a2adfd4ee81cb8faa20ab9,5357,size_in_bytes,lib/ocaml/compiler-libs/flambda2_bound_identifiers__Bound_name.cmt,47250
2026-02-06T15:02:15Z,7e7d5d8c97a8904890a2adfd4ee81cb8faa20ab9,5357,size_in_bytes,lib/ocaml/compiler-libs/flambda2_simplify__Non_constructed_code.cmt,49118
2026-02-06T15:02:15Z,7e7d5d8c97a8904890a2adfd4ee81cb8faa20ab9,5357,size_in_bytes,lib/ocaml/compiler-libs/flambda2_to_jsir__To_jsir_primitive.cmt,618432
2026-02-06T15:02:15Z,7e7d5d8c97a8904890a2adfd4ee81cb8faa20ab9,5357,size_in_bytes,lib/ocaml/compiler-libs/compile_common.cmt,169619
2026-02-06T15:02:15Z,7e7d5d8c97a8904890a2adfd4ee81cb8faa20ab9,5357,size_in_bytes,lib/ocaml/compiler-libs/flambda2_simplify__Simplify_common.cmt,309269
2026-02-06T15:02:15Z,7e7d5d8c97a8904890a2adfd4ee81cb8faa20ab9,5357,size_in_bytes,lib/ocaml/compiler-libs/flambda2_to_cmm__To_cmm_shared.cmt,399568
2026-02-06T15:02:15Z,7e7d5d8c97a8904890a2adfd4ee81cb8faa20ab9,5357,size_in_bytes,lib/ocaml/compiler-libs/dwarf_type.cmt,1461784
2026-02-06T15:02:15Z,7e7d5d8c97a8904890a2adfd4ee81cb8faa20ab9,5357,size_in_bytes,lib/ocaml/compiler-libs/flambda2_reaper__Rebuild.cmt,1938931
2026-02-06T15:02:15Z,7e7d5d8c97a8904890a2adfd4ee81cb8faa20ab9,5357,size_in_bytes,lib/ocaml/compiler-libs/flambda2_types__Typing_env_extension.cmt,155018
2026-02-06T15:02:15Z,7e7d5d8c97a8904890a2adfd4ee81cb8faa20ab9,5357,size_in_bytes,lib/ocaml/compiler-libs/flambda2_terms__Removed_operations.cmt,128957
2026-02-06T15:02:15Z,7e7d5d8c97a8904890a2adfd4ee81cb8faa20ab9,5357,size_in_bytes,lib/ocaml/compiler-libs/mixed_block_shape.cmt,255852
2026-02-06T15:02:15Z,7e7d5d8c97a8904890a2adfd4ee81cb8faa20ab9,5357,size_in_bytes,lib/ocaml/compiler-libs/flambda2_terms__Regalloc_attribute.cmt,31611
2026-02-06T15:02:15Z,7e7d5d8c97a8904890a2adfd4ee81cb8faa20ab9,5357,size_in_bytes,lib/ocaml/compiler-libs/dwarf_low__Single_location_description.cmt,22250
2026-02-06T15:02:15Z,7e7d5d8c97a8904890a2adfd4ee81cb8faa20ab9,5357,size_in_bytes,lib/ocaml/compiler-libs/flambda2_term_basics__Value_slot_set.cmt,165683
2026-02-06T15:02:15Z,7e7d5d8c97a8904890a2adfd4ee81cb8faa20ab9,5357,size_in_bytes,lib/ocaml/compiler-libs/cmi_format.cmt,209841
2026-02-06T15:02:15Z,7e7d5d8c97a8904890a2adfd4ee81cb8faa20ab9,5357,size_in_bytes,lib/ocaml/compiler-libs/sub_cfg.cmt,143181
2026-02-06T15:02:15Z,7e7d5d8c97a8904890a2adfd4ee81cb8faa20ab9,5357,size_in_bytes,lib/ocaml/compiler-libs/flambda2_numbers.cmt,11191
2026-02-06T15:02:15Z,7e7d5d8c97a8904890a2adfd4ee81cb8faa20ab9,5357,size_in_bytes,lib/ocaml/compiler-libs/flambda2_to_jsir__To_jsir_env.cmt,246242
2026-02-06T15:02:15Z,7e7d5d8c97a8904890a2adfd4ee81cb8faa20ab9,5357,size_in_bytes,lib/ocaml/compiler-libs/extract_relocations.cmt,163091
2026-02-06T15:02:15Z,7e7d5d8c97a8904890a2adfd4ee81cb8faa20ab9,5357,size_in_bytes,lib/ocaml/compiler-libs/printast_with_mappings.cmt,2845384
2026-02-06T15:02:15Z,7e7d5d8c97a8904890a2adfd4ee81cb8faa20ab9,5357,size_in_bytes,lib/ocaml/compiler-libs/flambda2_term_basics__Scope.cmt,103877
2026-02-06T15:02:15Z,7e7d5d8c97a8904890a2adfd4ee81cb8faa20ab9,5357,size_in_bytes,lib/ocaml/compiler-libs/location_tracker_formatter.cmt,141622
2026-02-06T15:02:15Z,7e7d5d8c97a8904890a2adfd4ee81cb8faa20ab9,5357,size_in_bytes,lib/ocaml/compiler-libs/flambda2_terms__Cost_metrics.cmt,89625
2026-02-06T15:02:15Z,7e7d5d8c97a8904890a2adfd4ee81cb8faa20ab9,5357,size_in_bytes,lib/ocaml/compiler-libs/binary_emitter_helpers.cmt,15255
2026-02-06T15:02:15Z,7e7d5d8c97a8904890a2adfd4ee81cb8faa20ab9,5357,size_in_bytes,lib/ocaml/compiler-libs/simd_selection.cmt,1968548
2026-02-06T15:02:15Z,7e7d5d8c97a8904890a2adfd4ee81cb8faa20ab9,5357,size_in_bytes,lib/ocaml/compiler-libs/flambda2_bound_identifiers__Bound_parameters.cmt,123492
2026-02-06T15:02:15Z,7e7d5d8c97a8904890a2adfd4ee81cb8faa20ab9,5357,size_in_bytes,lib/ocaml/compiler-libs/flambda2_from_lambda__Lambda_to_flambda_env.cmt,530168
2026-02-06T15:02:15Z,7e7d5d8c97a8904890a2adfd4ee81cb8faa20ab9,5357,size_in_bytes,lib/ocaml/compiler-libs/flambda2_simplify__Are_lifting_conts.cmt,63892
2026-02-06T15:02:15Z,7e7d5d8c97a8904890a2adfd4ee81cb8faa20ab9,5357,size_in_bytes,lib/ocaml/compiler-libs/translattribute.cmt,414357
2026-02-06T15:02:15Z,7e7d5d8c97a8904890a2adfd4ee81cb8faa20ab9,5357,size_in_bytes,lib/ocaml/compiler-libs/typedecl_variance.cmt,529259
2026-02-06T15:02:15Z,7e7d5d8c97a8904890a2adfd4ee81cb8faa20ab9,5357,size_in_bytes,lib/ocaml/compiler-libs/value_rec_check.cmt,1018384
2026-02-06T15:02:15Z,7e7d5d8c97a8904890a2adfd4ee81cb8faa20ab9,5357,size_in_bytes,lib/ocaml/compiler-libs/mtype.cmt,856637
2026-02-06T15:02:15Z,7e7d5d8c97a8904890a2adfd4ee81cb8faa20ab9,5357,size_in_bytes,lib/ocaml/compiler-libs/opcodes.cmt,81568
2026-02-06T15:02:15Z,7e7d5d8c97a8904890a2adfd4ee81cb8faa20ab9,5357,size_in_bytes,lib/ocaml/compiler-libs/x86_gas.cmt,401693
2026-02-06T15:02:15Z,7e7d5d8c97a8904890a2adfd4ee81cb8faa20ab9,5357,size_in_bytes,lib/ocaml/compiler-libs/flambda2_from_lambda__Lambda_to_flambda_primitives_helpers.cmt,562113
2026-02-06T15:02:15Z,7e7d5d8c97a8904890a2adfd4ee81cb8faa20ab9,5357,size_in_bytes,lib/ocaml/compiler-libs/flambda2_simplify__Simplify_expr.cmt,162537
2026-02-06T15:02:15Z,7e7d5d8c97a8904890a2adfd4ee81cb8faa20ab9,5357,size_in_bytes,lib/ocaml/compiler-libs/flambda2_algorithms.cmt,11979
2026-02-06T15:02:15Z,7e7d5d8c97a8904890a2adfd4ee81cb8faa20ab9,5357,size_in_bytes,lib/ocaml/compiler-libs/flambda2_parser__Flambda_parser.cmt,3870643
2026-02-06T15:02:15Z,7e7d5d8c97a8904890a2adfd4ee81cb8faa20ab9,5357,size_in_bytes,lib/ocaml/compiler-libs/ast_iterator.cmt,1115000
2026-02-06T15:02:15Z,7e7d5d8c97a8904890a2adfd4ee81cb8faa20ab9,5357,size_in_bytes,lib/ocaml/compiler-libs/stack_check.cmt,27726
2026-02-06T15:02:15Z,7e7d5d8c97a8904890a2adfd4ee81cb8faa20ab9,5357,size_in_bytes,lib/ocaml/compiler-libs/printoperation.cmt,318061
2026-02-06T15:02:15Z,7e7d5d8c97a8904890a2adfd4ee81cb8faa20ab9,5357,size_in_bytes,lib/ocaml/compiler-libs/flambda2_terms__Function_declarations.cmt,105754
2026-02-06T15:02:15Z,7e7d5d8c97a8904890a2adfd4ee81cb8faa20ab9,5357,size_in_bytes,lib/ocaml/compiler-libs/cfg_liveness.cmt,89859
2026-02-06T15:02:15Z,7e7d5d8c97a8904890a2adfd4ee81cb8faa20ab9,5357,size_in_bytes,lib/ocaml/compiler-libs/dwarf_low__Counted_location_description.cmt,23621
2026-02-06T15:02:15Z,7e7d5d8c97a8904890a2adfd4ee81cb8faa20ab9,5357,size_in_bytes,lib/ocaml/compiler-libs/flambda2_identifiers__Named_rewrite_id.cmt,25545
2026-02-06T15:02:15Z,7e7d5d8c97a8904890a2adfd4ee81cb8faa20ab9,5357,size_in_bytes,lib/ocaml/compiler-libs/peephole_utils.cmt,110632
2026-02-06T15:02:15Z,7e7d5d8c97a8904890a2adfd4ee81cb8faa20ab9,5357,size_in_bytes,lib/ocaml/compiler-libs/mixed_product_bytes.cmt,109976
2026-02-06T15:02:15Z,7e7d5d8c97a8904890a2adfd4ee81cb8faa20ab9,5357,size_in_bytes,lib/ocaml/compiler-libs/untypeast.cmt,1617793
2026-02-06T15:02:15Z,7e7d5d8c97a8904890a2adfd4ee81cb8faa20ab9,5357,size_in_bytes,lib/ocaml/compiler-libs/flambda2_to_jsir.cmt,12006
2026-02-06T15:02:15Z,7e7d5d8c97a8904890a2adfd4ee81cb8faa20ab9,5357,size_in_bytes,lib/ocaml/compiler-libs/flambda2_terms__Result_types.cmt,191984
2026-02-06T15:02:15Z,7e7d5d8c97a8904890a2adfd4ee81cb8faa20ab9,5357,size_in_bytes,lib/ocaml/compiler-libs/bytelibrarian.cmt,128962
2026-02-06T15:02:15Z,7e7d5d8c97a8904890a2adfd4ee81cb8faa20ab9,5357,size_in_bytes,lib/ocaml/compiler-libs/flambda2_datalog__Trie.cmt,332523
2026-02-06T15:02:15Z,7e7d5d8c97a8904890a2adfd4ee81cb8faa20ab9,5357,size_in_bytes,lib/ocaml/compiler-libs/simplif.cmt,1355218
2026-02-06T15:02:15Z,7e7d5d8c97a8904890a2adfd4ee81cb8faa20ab9,5357,size_in_bytes,lib/ocaml/compiler-libs/transl_list_comprehension.cmt,155983
2026-02-06T15:02:15Z,7e7d5d8c97a8904890a2adfd4ee81cb8faa20ab9,5357,size_in_bytes,lib/ocaml/compiler-libs/cmm_invariants.cmt,167447
2026-02-06T15:02:15Z,7e7d5d8c97a8904890a2adfd4ee81cb8faa20ab9,5357,size_in_bytes,lib/ocaml/compiler-libs/flambda2_term_basics__Or_invalid.cmt,26234
2026-02-06T15:02:15Z,7e7d5d8c97a8904890a2adfd4ee81cb8faa20ab9,5357,size_in_bytes,lib/ocaml/compiler-libs/cfg_selectgen_target_intf.cmt,59777
2026-02-06T15:02:15Z,7e7d5d8c97a8904890a2adfd4ee81cb8faa20ab9,5357,size_in_bytes,lib/ocaml/compiler-libs/global_module.cmt,831857
2026-02-06T15:02:15Z,7e7d5d8c97a8904890a2adfd4ee81cb8faa20ab9,5357,size_in_bytes,lib/ocaml/compiler-libs/flambda2_simplify__Optimistic_unboxing_decision.cmt,198520
2026-02-06T15:02:15Z,7e7d5d8c97a8904890a2adfd4ee81cb8faa20ab9,5357,size_in_bytes,lib/ocaml/compiler-libs/runtimetags.cmt,17289
2026-02-06T15:02:15Z,7e7d5d8c97a8904890a2adfd4ee81cb8faa20ab9,5357,size_in_bytes,lib/ocaml/compiler-libs/flambda2_simplify__Simplify_rec_info_expr.cmt,120740
2026-02-06T15:02:15Z,7e7d5d8c97a8904890a2adfd4ee81cb8faa20ab9,5357,size_in_bytes,lib/ocaml/compiler-libs/errors.cmt,9916
2026-02-06T15:02:15Z,7e7d5d8c97a8904890a2adfd4ee81cb8faa20ab9,5357,size_in_bytes,lib/ocaml/compiler-libs/dwarf_low__Debug_ranges_table.cmt,35939
2026-02-06T15:02:15Z,7e7d5d8c97a8904890a2adfd4ee81cb8faa20ab9,5357,size_in_bytes,lib/ocaml/compiler-libs/regalloc_stack_operands.cmt,284504
2026-02-06T15:02:15Z,7e7d5d8c97a8904890a2adfd4ee81cb8faa20ab9,5357,size_in_bytes,lib/ocaml/compiler-libs/flambda2_simplify__Simplify_primitive.cmt,259225
2026-02-06T15:02:15Z,7e7d5d8c97a8904890a2adfd4ee81cb8faa20ab9,5357,size_in_bytes,lib/ocaml/compiler-libs/flambda2_simplify__Continuation_in_env.cmt,100539
2026-02-06T15:02:15Z,7e7d5d8c97a8904890a2adfd4ee81cb8faa20ab9,5357,size_in_bytes,lib/ocaml/compiler-libs/cfg_cse.cmt,490924
2026-02-06T15:02:15Z,7e7d5d8c97a8904890a2adfd4ee81cb8faa20ab9,5357,size_in_bytes,lib/ocaml/compiler-libs/cfg_comballoc.cmt,162473
2026-02-06T15:02:15Z,7e7d5d8c97a8904890a2adfd4ee81cb8faa20ab9,5357,size_in_bytes,lib/ocaml/compiler-libs/cmt_format.cmt,666002
2026-02-06T15:02:15Z,7e7d5d8c97a8904890a2adfd4ee81cb8faa20ab9,5357,size_in_bytes,lib/ocaml/compiler-libs/printast.cmt,2749546
2026-02-06T15:02:15Z,7e7d5d8c97a8904890a2adfd4ee81cb8faa20ab9,5357,size_in_bytes,lib/ocaml/compiler-libs/printcmm.cmt,874804
2026-02-06T15:02:15Z,7e7d5d8c97a8904890a2adfd4ee81cb8faa20ab9,5357,size_in_bytes,lib/ocaml/compiler-libs/asm_targets.cmt,10249
2026-02-06T15:02:15Z,7e7d5d8c97a8904890a2adfd4ee81cb8faa20ab9,5357,size_in_bytes,lib/ocaml/compiler-libs/flambda2_datalog__Virtual_machine.cmt,227193
2026-02-06T15:02:15Z,7e7d5d8c97a8904890a2adfd4ee81cb8faa20ab9,5357,size_in_bytes,lib/ocaml/compiler-libs/peephole_rules.cmt,192114
2026-02-06T15:02:15Z,7e7d5d8c97a8904890a2adfd4ee81cb8faa20ab9,5357,size_in_bytes,lib/ocaml/compiler-libs/flambda2_simplify_shared__Inlining_helpers.cmt,121478
2026-02-06T15:02:15Z,7e7d5d8c97a8904890a2adfd4ee81cb8faa20ab9,5357,size_in_bytes,lib/ocaml/compiler-libs/dwarf_reg_locations.cmt,86784
2026-02-06T15:02:15Z,7e7d5d8c97a8904890a2adfd4ee81cb8faa20ab9,5357,size_in_bytes,lib/ocaml/compiler-libs/reg_availability_set.cmt,113254
2026-02-06T15:02:15Z,7e7d5d8c97a8904890a2adfd4ee81cb8faa20ab9,5357,size_in_bytes,lib/ocaml/compiler-libs/flambda2_bound_identifiers__Bound_for_function.cmt,206370
2026-02-06T15:02:15Z,7e7d5d8c97a8904890a2adfd4ee81cb8faa20ab9,5357,size_in_bytes,lib/ocaml/compiler-libs/printtyp.cmt,4265940
2026-02-06T15:02:15Z,7e7d5d8c97a8904890a2adfd4ee81cb8faa20ab9,5357,size_in_bytes,lib/ocaml/compiler-libs/flambda2_types__Reify.cmt,421381
2026-02-06T15:02:15Z,7e7d5d8c97a8904890a2adfd4ee81cb8faa20ab9,5357,size_in_bytes,lib/ocaml/compiler-libs/load_path.cmt,477280
2026-02-06T15:02:15Z,7e7d5d8c97a8904890a2adfd4ee81cb8faa20ab9,5357,size_in_bytes,lib/ocaml/compiler-libs/flambda2_types__More_type_creators.cmt,451717
2026-02-06T15:02:15Z,7e7d5d8c97a8904890a2adfd4ee81cb8faa20ab9,5357,size_in_bytes,lib/ocaml/compiler-libs/flambda2_bound_identifiers__Bound_parameter.cmt,216995
2026-02-06T15:02:15Z,7e7d5d8c97a8904890a2adfd4ee81cb8faa20ab9,5357,size_in_bytes,lib/ocaml/compiler-libs/dwarf_high__Assign_abbrevs.cmt,57538
2026-02-06T15:02:15Z,7e7d5d8c97a8904890a2adfd4ee81cb8faa20ab9,5357,size_in_bytes,lib/ocaml/compiler-libs/flambda2_simplify__Simplify_variadic_primitive.cmt,180281
2026-02-06T15:02:15Z,7e7d5d8c97a8904890a2adfd4ee81cb8faa20ab9,5357,size_in_bytes,lib/ocaml/compiler-libs/flambda2_datalog__Value.cmt,27808
2026-02-06T15:02:15Z,7e7d5d8c97a8904890a2adfd4ee81cb8faa20ab9,5357,size_in_bytes,lib/ocaml/compiler-libs/flambda2_terms__Regalloc_param_attribute.cmt,45264
2026-02-06T15:02:15Z,7e7d5d8c97a8904890a2adfd4ee81cb8faa20ab9,5357,size_in_bytes,lib/ocaml/compiler-libs/regalloc_rewrite.cmt,427746
2026-02-06T15:02:15Z,7e7d5d8c97a8904890a2adfd4ee81cb8faa20ab9,5357,size_in_bytes,lib/ocaml/compiler-libs/flambda2_algorithms__Table_by_int_id.cmt,114747
2026-02-06T15:02:15Z,7e7d5d8c97a8904890a2adfd4ee81cb8faa20ab9,5357,size_in_bytes,lib/ocaml/compiler-libs/regalloc_ls.cmt,393745
2026-02-06T15:02:15Z,7e7d5d8c97a8904890a2adfd4ee81cb8faa20ab9,5357,size_in_bytes,lib/ocaml/compiler-libs/flambda2_datalog__Cursor.cmt,409589
2026-02-06T15:02:15Z,7e7d5d8c97a8904890a2adfd4ee81cb8faa20ab9,5357,size_in_bytes,lib/ocaml/compiler-libs/flambda2_floats.cmt,7629
2026-02-06T15:02:15Z,7e7d5d8c97a8904890a2adfd4ee81cb8faa20ab9,5357,size_in_bytes,lib/ocaml/compiler-libs/is_parameter.cmt,141512
2026-02-06T15:02:15Z,7e7d5d8c97a8904890a2adfd4ee81cb8faa20ab9,5357,size_in_bytes,lib/ocaml/compiler-libs/dwarf_high__Dwarf_world.cmt,74557
2026-02-06T15:02:15Z,7e7d5d8c97a8904890a2adfd4ee81cb8faa20ab9,5357,size_in_bytes,lib/ocaml/compiler-libs/flambda2_simplify__Reification.cmt,222492
2026-02-06T15:02:15Z,7e7d5d8c97a8904890a2adfd4ee81cb8faa20ab9,5357,size_in_bytes,lib/ocaml/compiler-libs/int_replace_polymorphic_compare.cmt,23551
2026-02-06T15:02:15Z,7e7d5d8c97a8904890a2adfd4ee81cb8faa20ab9,5357,size_in_bytes,lib/ocaml/compiler-libs/flambda2_simplify__Unboxers.cmt,143186
2026-02-06T15:02:15Z,7e7d5d8c97a8904890a2adfd4ee81cb8faa20ab9,5357,size_in_bytes,lib/ocaml/compiler-libs/flambda2_simplify_shared__Inlining_report.cmt,799491
2026-02-06T15:02:15Z,7e7d5d8c97a8904890a2adfd4ee81cb8faa20ab9,5357,size_in_bytes,lib/ocaml/compiler-libs/flambda2_terms__Apply_expr.cmt,509921
2026-02-06T15:02:15Z,7e7d5d8c97a8904890a2adfd4ee81cb8faa20ab9,5357,size_in_bytes,lib/ocaml/compiler-libs/flambda2_reaper__Cofield.cmt,129107
2026-02-06T15:02:15Z,7e7d5d8c97a8904890a2adfd4ee81cb8faa20ab9,5357,size_in_bytes,lib/ocaml/compiler-libs/dwarf_low__Simple_location_description.cmt,20780
2026-02-06T15:02:15Z,7e7d5d8c97a8904890a2adfd4ee81cb8faa20ab9,5357,size_in_bytes,lib/ocaml/compiler-libs/oxcaml_utils__Doubly_linked_list.cmt,405619
2026-02-06T15:02:15Z,7e7d5d8c97a8904890a2adfd4ee81cb8faa20ab9,5357,size_in_bytes,lib/ocaml/compiler-libs/cfg_polling.cmt,341859
2026-02-06T15:02:15Z,7e7d5d8c97a8904890a2adfd4ee81cb8faa20ab9,5357,size_in_bytes,lib/ocaml/compiler-libs/dwarf_low.cmt,37911
2026-02-06T15:02:15Z,7e7d5d8c97a8904890a2adfd4ee81cb8faa20ab9,5357,size_in_bytes,lib/ocaml/compiler-libs/igot.cmt,75750
2026-02-06T15:02:15Z,7e7d5d8c97a8904890a2adfd4ee81cb8faa20ab9,5357,size_in_bytes,lib/ocaml/compiler-libs/amd64_simd_instrs.cmt,7747408
2026-02-06T15:02:15Z,7e7d5d8c97a8904890a2adfd4ee81cb8faa20ab9,5357,size_in_bytes,lib/ocaml/compiler-libs/flambda2_types__Typing_env.cmt,1243952
2026-02-06T15:02:15Z,7e7d5d8c97a8904890a2adfd4ee81cb8faa20ab9,5357,size_in_bytes,lib/ocaml/compiler-libs/flambda2_kinds__Flambda_arity.cmt,188296
2026-02-06T15:02:15Z,7e7d5d8c97a8904890a2adfd4ee81cb8faa20ab9,5357,size_in_bytes,lib/ocaml/compiler-libs/flambda2_identifiers__Continuation.cmt,251401
2026-02-06T15:02:15Z,7e7d5d8c97a8904890a2adfd4ee81cb8faa20ab9,5357,size_in_bytes,lib/ocaml/compiler-libs/flambda2_datalog__Datalog.cmt,458800
2026-02-06T15:02:15Z,7e7d5d8c97a8904890a2adfd4ee81cb8faa20ab9,5357,size_in_bytes,lib/ocaml/compiler-libs/asm_targets__Asm_symbol.cmt,230729
2026-02-06T15:02:15Z,7e7d5d8c97a8904890a2adfd4ee81cb8faa20ab9,5357,size_in_bytes,lib/ocaml/compiler-libs/dwarf_low__Dwarf_4_location_list.cmt,47544
2026-02-06T15:02:15Z,7e7d5d8c97a8904890a2adfd4ee81cb8faa20ab9,5357,size_in_bytes,lib/ocaml/compiler-libs/cfg_available_regs.cmt,365811
2026-02-06T15:02:15Z,7e7d5d8c97a8904890a2adfd4ee81cb8faa20ab9,5357,size_in_bytes,lib/ocaml/compiler-libs/dwarf_variables_and_parameters.cmt,190728
2026-02-06T15:02:15Z,7e7d5d8c97a8904890a2adfd4ee81cb8faa20ab9,5357,size_in_bytes,lib/ocaml/compiler-libs/arrayset.cmt,158017
2026-02-06T15:02:15Z,7e7d5d8c97a8904890a2adfd4ee81cb8faa20ab9,5357,size_in_bytes,lib/ocaml/compiler-libs/regalloc_split_state.cmt,681866
2026-02-06T15:02:15Z,7e7d5d8c97a8904890a2adfd4ee81cb8faa20ab9,5357,size_in_bytes,lib/ocaml/compiler-libs/cfg_invariants.cmt,380232
2026-02-06T15:02:15Z,7e7d5d8c97a8904890a2adfd4ee81cb8faa20ab9,5357,size_in_bytes,lib/ocaml/compiler-libs/flambda2_simplify__Simplify_unary_primitive.cmt,920751
2026-02-06T15:02:15Z,7e7d5d8c97a8904890a2adfd4ee81cb8faa20ab9,5357,size_in_bytes,lib/ocaml/compiler-libs/flambda2_import.cmt,7790
2026-02-06T15:02:15Z,7e7d5d8c97a8904890a2adfd4ee81cb8faa20ab9,5357,size_in_bytes,lib/ocaml/compiler-libs/depend.cmt,1024758
2026-02-06T15:02:15Z,7e7d5d8c97a8904890a2adfd4ee81cb8faa20ab9,5357,size_in_bytes,lib/ocaml/compiler-libs/dwarf_low__Unit_type.cmt,21654
2026-02-06T15:02:15Z,7e7d5d8c97a8904890a2adfd4ee81cb8faa20ab9,5357,size_in_bytes,lib/ocaml/compiler-libs/dwarf_low__Child_determination.cmt,22066
2026-02-06T15:02:15Z,7e7d5d8c97a8904890a2adfd4ee81cb8faa20ab9,5357,size_in_bytes,lib/ocaml/compiler-libs/flambda2_terms__Placement.cmt,29187
2026-02-06T15:02:15Z,7e7d5d8c97a8904890a2adfd4ee81cb8faa20ab9,5357,size_in_bytes,lib/ocaml/compiler-libs/consistbl.cmt,123913
2026-02-06T15:02:15Z,7e7d5d8c97a8904890a2adfd4ee81cb8faa20ab9,5357,size_in_bytes,lib/ocaml/compiler-libs/flambda2_parser__Flambda_parser_messages.cmt,51855
2026-02-06T15:02:15Z,7e7d5d8c97a8904890a2adfd4ee81cb8faa20ab9,5357,size_in_bytes,lib/ocaml/compiler-libs/flambda2_simplify__Join_points.cmt,219379
2026-02-06T15:02:15Z,7e7d5d8c97a8904890a2adfd4ee81cb8faa20ab9,5357,size_in_bytes,lib/ocaml/compiler-libs/flambda2_parser__Parse_flambda.cmt,160088
2026-02-06T15:02:15Z,7e7d5d8c97a8904890a2adfd4ee81cb8faa20ab9,5357,size_in_bytes,lib/ocaml/compiler-libs/flambda2_types__Cached_level.cmt,170046
2026-02-06T15:02:15Z,7e7d5d8c97a8904890a2adfd4ee81cb8faa20ab9,5357,size_in_bytes,lib/ocaml/compiler-libs/cmmgen_state.cmt,155114
2026-02-06T15:02:15Z,7e7d5d8c97a8904890a2adfd4ee81cb8faa20ab9,5357,size_in_bytes,lib/ocaml/compiler-libs/flambda2_simplify__Data_flow_graph.cmt,496021
2026-02-06T15:02:15Z,7e7d5d8c97a8904890a2adfd4ee81cb8faa20ab9,5357,size_in_bytes,lib/ocaml/compiler-libs/flambda2_simplify__Simplify_let_expr.cmt,387240
2026-02-06T15:02:15Z,7e7d5d8c97a8904890a2adfd4ee81cb8faa20ab9,5357,size_in_bytes,lib/ocaml/compiler-libs/dwarf_low__Location_or_range_list.cmt,28229
2026-02-06T15:02:15Z,7e7d5d8c97a8904890a2adfd4ee81cb8faa20ab9,5357,size_in_bytes,lib/ocaml/compiler-libs/flambda2_terms__Switch_expr.cmt,133818
2026-02-06T15:02:15Z,7e7d5d8c97a8904890a2adfd4ee81cb8faa20ab9,5357,size_in_bytes,lib/ocaml/compiler-libs/signature_group.cmt,144643
2026-02-06T15:02:15Z,7e7d5d8c97a8904890a2adfd4ee81cb8faa20ab9,5357,size_in_bytes,lib/ocaml/compiler-libs/flambda2_to_jsir__To_jsir_shared.cmt,116198
2026-02-06T15:02:15Z,7e7d5d8c97a8904890a2adfd4ee81cb8faa20ab9,5357,size_in_bytes,lib/ocaml/compiler-libs/compute_ranges.cmt,542832
2026-02-06T15:02:15Z,7e7d5d8c97a8904890a2adfd4ee81cb8faa20ab9,5357,size_in_bytes,lib/ocaml/compiler-libs/cfg_dominators.cmt,521412
2026-02-06T15:02:15Z,7e7d5d8c97a8904890a2adfd4ee81cb8faa20ab9,5357,size_in_bytes,lib/ocaml/compiler-libs/dwarf_low__Location_list_table.cmt,18540
2026-02-06T15:02:15Z,7e7d5d8c97a8904890a2adfd4ee81cb8faa20ab9,5357,size_in_bytes,lib/ocaml/compiler-libs/unit_info.cmt,167668
2026-02-06T15:02:15Z,7e7d5d8c97a8904890a2adfd4ee81cb8faa20ab9,5357,size_in_bytes,lib/ocaml/compiler-libs/dwarf_abstract_instances.cmt,117600
2026-02-06T15:02:15Z,7e7d5d8c97a8904890a2adfd4ee81cb8faa20ab9,5357,size_in_bytes,lib/ocaml/compiler-libs/cfg_edge.cmt,96741
2026-02-06T15:02:15Z,7e7d5d8c97a8904890a2adfd4ee81cb8faa20ab9,5357,size_in_bytes,lib/ocaml/compiler-libs/dwarf_compilation_unit.cmt,35738
2026-02-06T15:02:15Z,7e7d5d8c97a8904890a2adfd4ee81cb8faa20ab9,5357,size_in_bytes,lib/ocaml/compiler-libs/flambda2_ui.cmt,8261
2026-02-06T15:02:15Z,7e7d5d8c97a8904890a2adfd4ee81cb8faa20ab9,5357,size_in_bytes,lib/ocaml/compiler-libs/optcomp_intf.cmt,48147
2026-02-06T15:02:15Z,7e7d5d8c97a8904890a2adfd4ee81cb8faa20ab9,5357,size_in_bytes,lib/ocaml/compiler-libs/flambda2_simplify__Continuation_uses_env_intf.cmt,36997
2026-02-06T15:02:15Z,7e7d5d8c97a8904890a2adfd4ee81cb8faa20ab9,5357,size_in_bytes,lib/ocaml/compiler-libs/dwarf_low__Range_list_table.cmt,18225
2026-02-06T15:02:15Z,7e7d5d8c97a8904890a2adfd4ee81cb8faa20ab9,5357,size_in_bytes,lib/ocaml/compiler-libs/printlinear.cmt,239595
2026-02-06T15:02:15Z,7e7d5d8c97a8904890a2adfd4ee81cb8faa20ab9,5357,size_in_bytes,lib/ocaml/compiler-libs/runtime_shape.cmt,585746
2026-02-06T15:02:15Z,7e7d5d8c97a8904890a2adfd4ee81cb8faa20ab9,5357,size_in_bytes,lib/ocaml/compiler-libs/flambda2_term_basics__Inlined_debuginfo.cmt,100037
2026-02-06T15:02:15Z,7e7d5d8c97a8904890a2adfd4ee81cb8faa20ab9,5357,size_in_bytes,lib/ocaml/compiler-libs/regalloc_gi.cmt,321418
2026-02-06T15:02:15Z,7e7d5d8c97a8904890a2adfd4ee81cb8faa20ab9,5357,size_in_bytes,lib/ocaml/compiler-libs/flambda2_terms__Code_or_metadata.cmt,200233
2026-02-06T15:02:15Z,7e7d5d8c97a8904890a2adfd4ee81cb8faa20ab9,5357,size_in_bytes,lib/ocaml/compiler-libs/dwarf_low__Dwarf_language.cmt,33458
2026-02-06T15:02:15Z,7e7d5d8c97a8904890a2adfd4ee81cb8faa20ab9,5357,size_in_bytes,lib/ocaml/compiler-libs/flambda2_types.cmt,382119
2026-02-06T15:02:15Z,7e7d5d8c97a8904890a2adfd4ee81cb8faa20ab9,5357,size_in_bytes,lib/ocaml/compiler-libs/ast_helper.cmt,1334192
2026-02-06T15:02:15Z,7e7d5d8c97a8904890a2adfd4ee81cb8faa20ab9,5357,size_in_bytes,lib/ocaml/compiler-libs/dwarf_low__Debugging_information_entry.cmt,50793
2026-02-06T15:02:15Z,7e7d5d8c97a8904890a2adfd4ee81cb8faa20ab9,5357,size_in_bytes,lib/ocaml/compiler-libs/flambda2_parser__Print_fexpr.cmt,1174555
2026-02-06T15:02:15Z,7e7d5d8c97a8904890a2adfd4ee81cb8faa20ab9,5357,size_in_bytes,lib/ocaml/compiler-libs/flambda2_floats__Float32.cmt,24965
2026-02-06T15:02:15Z,7e7d5d8c97a8904890a2adfd4ee81cb8faa20ab9,5357,size_in_bytes,lib/ocaml/compiler-libs/typemode.cmt,633198
2026-02-06T15:02:15Z,7e7d5d8c97a8904890a2adfd4ee81cb8faa20ab9,5357,size_in_bytes,lib/ocaml/compiler-libs/flambda2_nominal__Ids_for_export.cmt,105622
2026-02-06T15:02:15Z,7e7d5d8c97a8904890a2adfd4ee81cb8faa20ab9,5357,size_in_bytes,lib/ocaml/compiler-libs/jkind_intf.cmt,115448
2026-02-06T15:02:15Z,7e7d5d8c97a8904890a2adfd4ee81cb8faa20ab9,5357,size_in_bytes,lib/ocaml/compiler-libs/flambda2_simplify__Simplify_ternary_primitive.cmt,145286
2026-02-06T15:02:15Z,7e7d5d8c97a8904890a2adfd4ee81cb8faa20ab9,5357,size_in_bytes,lib/ocaml/compiler-libs/pprintast.cmt,4856028
2026-02-06T15:02:15Z,7e7d5d8c97a8904890a2adfd4ee81cb8faa20ab9,5357,size_in_bytes,lib/ocaml/compiler-libs/flambda2_simplify__Simplify_named_result.cmt,51388
2026-02-06T15:02:15Z,7e7d5d8c97a8904890a2adfd4ee81cb8faa20ab9,5357,size_in_bytes,lib/ocaml/compiler-libs/flambda2_simplify_shared.cmt,11767
2026-02-06T15:02:15Z,7e7d5d8c97a8904890a2adfd4ee81cb8faa20ab9,5357,size_in_bytes,lib/ocaml/compiler-libs/emitcode.cmt,719720
2026-02-06T15:02:15Z,7e7d5d8c97a8904890a2adfd4ee81cb8faa20ab9,5357,size_in_bytes,lib/ocaml/compiler-libs/llvmize.cmt,2530679
2026-02-06T15:02:15Z,7e7d5d8c97a8904890a2adfd4ee81cb8faa20ab9,5357,size_in_bytes,lib/ocaml/compiler-libs/flambda2_bound_identifiers__Bound_static.cmt,161050
2026-02-06T15:02:15Z,7e7d5d8c97a8904890a2adfd4ee81cb8faa20ab9,5357,size_in_bytes,lib/ocaml/compiler-libs/transl_array_comprehension.cmt,451891
2026-02-06T15:02:15Z,7e7d5d8c97a8904890a2adfd4ee81cb8faa20ab9,5357,size_in_bytes,lib/ocaml/compiler-libs/allowance.cmt,38219
2026-02-06T15:02:15Z,7e7d5d8c97a8904890a2adfd4ee81cb8faa20ab9,5357,size_in_bytes,lib/ocaml/compiler-libs/flambda2_terms__Zero_alloc_attribute.cmt,67162
2026-02-06T15:02:15Z,7e7d5d8c97a8904890a2adfd4ee81cb8faa20ab9,5357,size_in_bytes,lib/ocaml/compiler-libs/instantiator.cmt,260242
2026-02-06T15:02:15Z,7e7d5d8c97a8904890a2adfd4ee81cb8faa20ab9,5357,size_in_bytes,lib/ocaml/compiler-libs/numbers.cmt,455277
2026-02-06T15:02:15Z,7e7d5d8c97a8904890a2adfd4ee81cb8faa20ab9,5357,size_in_bytes,lib/ocaml/compiler-libs/flambda2_types__Expand_head.cmt,567521
2026-02-06T15:02:15Z,7e7d5d8c97a8904890a2adfd4ee81cb8faa20ab9,5357,size_in_bytes,lib/ocaml/compiler-libs/camlinternalMenhirLib.cmt,1921865
2026-02-06T15:02:15Z,7e7d5d8c97a8904890a2adfd4ee81cb8faa20ab9,5357,size_in_bytes,lib/ocaml/compiler-libs/flambda2_simplify__Named_rewrite.cmt,40800
2026-02-06T15:02:15Z,7e7d5d8c97a8904890a2adfd4ee81cb8faa20ab9,5357,size_in_bytes,lib/ocaml/compiler-libs/flambda2_nominal__Num_occurrences.cmt,18423
2026-02-06T15:02:15Z,7e7d5d8c97a8904890a2adfd4ee81cb8faa20ab9,5357,size_in_bytes,lib/ocaml/compiler-libs/type_shape.cmt,989818
2026-02-06T15:02:15Z,7e7d5d8c97a8904890a2adfd4ee81cb8faa20ab9,5357,size_in_bytes,lib/ocaml/compiler-libs/dwarf_low__Location_list.cmt,16140
2026-02-06T15:02:15Z,7e7d5d8c97a8904890a2adfd4ee81cb8faa20ab9,5357,size_in_bytes,lib/ocaml/compiler-libs/reg_class.cmt,119021
2026-02-06T15:02:15Z,7e7d5d8c97a8904890a2adfd4ee81cb8faa20ab9,5357,size_in_bytes,lib/ocaml/compiler-libs/dwarf_low__Dwarf_attribute_values.cmt,169245
2026-02-06T15:02:15Z,7e7d5d8c97a8904890a2adfd4ee81cb8faa20ab9,5357,size_in_bytes,lib/ocaml/compiler-libs/flambda2_terms__Effects_and_coeffects.cmt,52008
2026-02-06T15:02:15Z,7e7d5d8c97a8904890a2adfd4ee81cb8faa20ab9,5357,size_in_bytes,lib/ocaml/compiler-libs/flambda2_reaper__Dot_printer.cmt,94386
2026-02-06T15:02:15Z,7e7d5d8c97a8904890a2adfd4ee81cb8faa20ab9,5357,size_in_bytes,lib/ocaml/compiler-libs/dissector.cmt,173926
2026-02-06T15:02:15Z,7e7d5d8c97a8904890a2adfd4ee81cb8faa20ab9,5357,size_in_bytes,lib/ocaml/compiler-libs/flambda2_simplify__Continuation_uses_env.cmt,90276
2026-02-06T15:02:15Z,7e7d5d8c97a8904890a2adfd4ee81cb8faa20ab9,5357,size_in_bytes,lib/ocaml/compiler-libs/flambda2_reaper.cmt,14387
2026-02-06T15:02:15Z,7e7d5d8c97a8904890a2adfd4ee81cb8faa20ab9,5357,size_in_bytes,lib/ocaml/compiler-libs/dwarf_low__Location_list_entry.cmt,23580
2026-02-06T15:02:15Z,7e7d5d8c97a8904890a2adfd4ee81cb8faa20ab9,5357,size_in_bytes,lib/ocaml/compiler-libs/internal_assembler.cmt,300296
2026-02-06T15:02:15Z,7e7d5d8c97a8904890a2adfd4ee81cb8faa20ab9,5357,size_in_bytes,lib/ocaml/compiler-libs/flambda2_kinds.cmt,8904
2026-02-06T15:02:15Z,7e7d5d8c97a8904890a2adfd4ee81cb8faa20ab9,5357,size_in_bytes,lib/ocaml/compiler-libs/flambda2_numbers__Vector_types.cmt,475666
2026-02-06T15:02:15Z,7e7d5d8c97a8904890a2adfd4ee81cb8faa20ab9,5357,size_in_bytes,lib/ocaml/compiler-libs/includemod.cmt,1585065
2026-02-06T15:02:15Z,7e7d5d8c97a8904890a2adfd4ee81cb8faa20ab9,5357,size_in_bytes,lib/ocaml/compiler-libs/flambda2_simplify__Downwards_acc.cmt,435527
2026-02-06T15:02:15Z,7e7d5d8c97a8904890a2adfd4ee81cb8faa20ab9,5357,size_in_bytes,lib/ocaml/compiler-libs/parser_types.cmt,13319
2026-02-06T15:02:15Z,7e7d5d8c97a8904890a2adfd4ee81cb8faa20ab9,5357,size_in_bytes,lib/ocaml/compiler-libs/opterrors.cmt,11531
2026-02-06T15:02:15Z,7e7d5d8c97a8904890a2adfd4ee81cb8faa20ab9,5357,size_in_bytes,lib/ocaml/compiler-libs/cfg_cse_target_intf.cmt,36243
2026-02-06T15:02:15Z,7e7d5d8c97a8904890a2adfd4ee81cb8faa20ab9,5357,size_in_bytes,lib/ocaml/compiler-libs/dissector_log.cmt,27493
2026-02-06T15:02:15Z,7e7d5d8c97a8904890a2adfd4ee81cb8faa20ab9,5357,size_in_bytes,lib/ocaml/compiler-libs/flambda2_algorithms__Lmap.cmt,189819
2026-02-06T15:02:15Z,7e7d5d8c97a8904890a2adfd4ee81cb8faa20ab9,5357,size_in_bytes,lib/ocaml/compiler-libs/flambda2_identifiers__Continuation_callsite_map.cmt,31929
2026-02-06T15:02:15Z,7e7d5d8c97a8904890a2adfd4ee81cb8faa20ab9,5357,size_in_bytes,lib/ocaml/compiler-libs/afl_instrument.cmt,131413
2026-02-06T15:02:15Z,7e7d5d8c97a8904890a2adfd4ee81cb8faa20ab9,5357,size_in_bytes,lib/ocaml/compiler-libs/topdirs.cmt,671279
2026-02-06T15:02:15Z,7e7d5d8c97a8904890a2adfd4ee81cb8faa20ab9,5357,size_in_bytes,lib/ocaml/compiler-libs/flambda2_algorithms__Container_types_intf.cmt,660403
2026-02-06T15:02:15Z,7e7d5d8c97a8904890a2adfd4ee81cb8faa20ab9,5357,size_in_bytes,lib/ocaml/compiler-libs/vectorize_specific.cmt,72583
2026-02-06T15:02:15Z,7e7d5d8c97a8904890a2adfd4ee81cb8faa20ab9,5357,size_in_bytes,lib/ocaml/compiler-libs/dwarf_low__Address_table.cmt,185358
2026-02-06T15:02:15Z,7e7d5d8c97a8904890a2adfd4ee81cb8faa20ab9,5357,size_in_bytes,lib/ocaml/compiler-libs/dwarf_high.cmt,11141
2026-02-06T15:02:15Z,7e7d5d8c97a8904890a2adfd4ee81cb8faa20ab9,5357,size_in_bytes,lib/ocaml/compiler-libs/flambda2_simplify__Specialization_cost.cmt,69035
2026-02-06T15:02:15Z,7e7d5d8c97a8904890a2adfd4ee81cb8faa20ab9,5357,size_in_bytes,lib/ocaml/compiler-libs/flambda2_simplify__Function_decl_inlining_decision.cmt,58062
2026-02-06T15:02:15Z,7e7d5d8c97a8904890a2adfd4ee81cb8faa20ab9,5357,size_in_bytes,lib/ocaml/compiler-libs/typeclass.cmt,2573347
2026-02-06T15:02:15Z,7e7d5d8c97a8904890a2adfd4ee81cb8faa20ab9,5357,size_in_bytes,lib/ocaml/compiler-libs/translmode.cmt,32675
2026-02-06T15:02:15Z,7e7d5d8c97a8904890a2adfd4ee81cb8faa20ab9,5357,size_in_bytes,lib/ocaml/compiler-libs/flambda2_types__.cmt,24681
2026-02-06T15:02:15Z,7e7d5d8c97a8904890a2adfd4ee81cb8faa20ab9,5357,size_in_bytes,lib/ocaml/compiler-libs/subst.cmt,1304232
2026-02-06T15:02:15Z,7e7d5d8c97a8904890a2adfd4ee81cb8faa20ab9,5357,size_in_bytes,lib/ocaml/compiler-libs/bytepackager.cmt,318045
2026-02-06T15:02:15Z,7e7d5d8c97a8904890a2adfd4ee81cb8faa20ab9,5357,size_in_bytes,lib/ocaml/compiler-libs/flambda2_types__Traversals.cmt,1729303
2026-02-06T15:02:15Z,7e7d5d8c97a8904890a2adfd4ee81cb8faa20ab9,5357,size_in_bytes,lib/ocaml/compiler-libs/dwarf_low__Dwarf_emittable.cmt,17389
2026-02-06T15:02:15Z,7e7d5d8c97a8904890a2adfd4ee81cb8faa20ab9,5357,size_in_bytes,lib/ocaml/compiler-libs/asmlink.cmt,456770
2026-02-06T15:02:15Z,7e7d5d8c97a8904890a2adfd4ee81cb8faa20ab9,5357,size_in_bytes,lib/ocaml/compiler-libs/vicuna_traverse_typed_tree.cmt,495246
2026-02-06T15:02:15Z,7e7d5d8c97a8904890a2adfd4ee81cb8faa20ab9,5357,size_in_bytes,lib/ocaml/compiler-libs/flambda2_reaper__Reaper.cmt,66872
2026-02-06T15:02:15Z,7e7d5d8c97a8904890a2adfd4ee81cb8faa20ab9,5357,size_in_bytes,lib/ocaml/compiler-libs/flambda2_term_basics__String_info.cmt,180484
2026-02-06T15:02:15Z,7e7d5d8c97a8904890a2adfd4ee81cb8faa20ab9,5357,size_in_bytes,lib/ocaml/compiler-libs/flambda2_simplify__Downwards_env.cmt,821393
2026-02-06T15:02:15Z,7e7d5d8c97a8904890a2adfd4ee81cb8faa20ab9,5357,size_in_bytes,lib/ocaml/compiler-libs/config.cmt,226630
2026-02-06T15:02:15Z,7e7d5d8c97a8904890a2adfd4ee81cb8faa20ab9,5357,size_in_bytes,lib/ocaml/compiler-libs/typeopt.cmt,1158862
2026-02-06T15:02:15Z,7e7d5d8c97a8904890a2adfd4ee81cb8faa20ab9,5357,size_in_bytes,lib/ocaml/compiler-libs/flambda2_identifiers__Reg_width_const.cmt,105252
2026-02-06T15:02:15Z,7e7d5d8c97a8904890a2adfd4ee81cb8faa20ab9,5357,size_in_bytes,lib/ocaml/compiler-libs/solver.cmt,1520545
2026-02-06T15:02:15Z,7e7d5d8c97a8904890a2adfd4ee81cb8faa20ab9,5357,size_in_bytes,lib/ocaml/compiler-libs/flambda2_datalog.cmt,331514
2026-02-06T15:02:15Z,7e7d5d8c97a8904890a2adfd4ee81cb8faa20ab9,5357,size_in_bytes,lib/ocaml/compiler-libs/flambda2_simplify_shared__Call_site_inlining_decision_type.cmt,338985
2026-02-06T15:02:15Z,7e7d5d8c97a8904890a2adfd4ee81cb8faa20ab9,5357,size_in_bytes,lib/ocaml/compiler-libs/dwarf.cmt,192691
2026-02-06T15:02:15Z,7e7d5d8c97a8904890a2adfd4ee81cb8faa20ab9,5357,size_in_bytes,lib/ocaml/compiler-libs/flambda2_simplify__Simplified_named.cmt,80234
2026-02-06T15:02:15Z,7e7d5d8c97a8904890a2adfd4ee81cb8faa20ab9,5357,size_in_bytes,lib/ocaml/compiler-libs/slambdaeval.cmt,134621
2026-02-06T15:02:15Z,7e7d5d8c97a8904890a2adfd4ee81cb8faa20ab9,5357,size_in_bytes,lib/ocaml/compiler-libs/typedecl_separability.cmt,425289
2026-02-06T15:02:15Z,7e7d5d8c97a8904890a2adfd4ee81cb8faa20ab9,5357,size_in_bytes,lib/ocaml/compiler-libs/dwarf_inlined_frames.cmt,377829
2026-02-06T15:02:15Z,7e7d5d8c97a8904890a2adfd4ee81cb8faa20ab9,5357,size_in_bytes,lib/ocaml/compiler-libs/flambda2_simplify__Simplify_simple.cmt,67565
2026-02-06T15:02:15Z,7e7d5d8c97a8904890a2adfd4ee81cb8faa20ab9,5357,size_in_bytes,lib/ocaml/compiler-libs/regalloc_affinity.cmt,92230
2026-02-06T15:02:15Z,7e7d5d8c97a8904890a2adfd4ee81cb8faa20ab9,5357,size_in_bytes,lib/ocaml/compiler-libs/flambda2_datalog__Datalog_imports.cmt,37551
2026-02-06T15:02:15Z,7e7d5d8c97a8904890a2adfd4ee81cb8faa20ab9,5357,size_in_bytes,lib/ocaml/compiler-libs/flambda2_nominal__Bindable.cmt,27803
2026-02-06T15:02:15Z,7e7d5d8c97a8904890a2adfd4ee81cb8faa20ab9,5357,size_in_bytes,lib/ocaml/compiler-libs/peephole_optimize.cmt,42763
2026-02-06T15:02:15Z,7e7d5d8c97a8904890a2adfd4ee81cb8faa20ab9,5357,size_in_bytes,lib/ocaml/compiler-libs/targetint.cmt,145733
2026-02-06T15:02:15Z,7e7d5d8c97a8904890a2adfd4ee81cb8faa20ab9,5357,size_in_bytes,lib/ocaml/compiler-libs/flambda2_simplify__Unbox_continuation_params.cmt,198729
2026-02-06T15:02:15Z,7e7d5d8c97a8904890a2adfd4ee81cb8faa20ab9,5357,size_in_bytes,lib/ocaml/compiler-libs/oxcaml_args.cmt,2126263
2026-02-06T15:02:15Z,7e7d5d8c97a8904890a2adfd4ee81cb8faa20ab9,5357,size_in_bytes,lib/ocaml/compiler-libs/regalloc_invariants.cmt,221981
2026-02-06T15:02:15Z,7e7d5d8c97a8904890a2adfd4ee81cb8faa20ab9,5357,size_in_bytes,lib/ocaml/compiler-libs/cfg_dataflow.cmt,393278
2026-02-06T15:02:15Z,7e7d5d8c97a8904890a2adfd4ee81cb8faa20ab9,5357,size_in_bytes,lib/ocaml/compiler-libs/syntaxerr.cmt,28602
2026-02-06T15:02:15Z,7e7d5d8c97a8904890a2adfd4ee81cb8faa20ab9,5357,size_in_bytes,lib/ocaml/compiler-libs/form_rewrite_plan.cmt,411126
2026-02-06T15:02:15Z,7e7d5d8c97a8904890a2adfd4ee81cb8faa20ab9,5357,size_in_bytes,lib/ocaml/compiler-libs/tast_iterator.cmt,1227900
2026-02-06T15:02:15Z,7e7d5d8c97a8904890a2adfd4ee81cb8faa20ab9,5357,size_in_bytes,lib/ocaml/compiler-libs/cfg_with_infos.cmt,88904
2026-02-06T15:02:15Z,7e7d5d8c97a8904890a2adfd4ee81cb8faa20ab9,5357,size_in_bytes,lib/ocaml/compiler-libs/cfg_with_layout.cmt,585449
2026-02-06T15:02:15Z,7e7d5d8c97a8904890a2adfd4ee81cb8faa20ab9,5357,size_in_bytes,lib/ocaml/compiler-libs/x86_dsl.cmt,201441
2026-02-06T15:02:15Z,7e7d5d8c97a8904890a2adfd4ee81cb8faa20ab9,5357,size_in_bytes,lib/ocaml/compiler-libs/flambda2_cmx.cmt,8950
2026-02-06T15:02:15Z,7e7d5d8c97a8904890a2adfd4ee81cb8faa20ab9,5357,size_in_bytes,lib/ocaml/compiler-libs/dwarf_low__Location_or_range_list_entry.cmt,123077
2026-02-06T15:02:15Z,7e7d5d8c97a8904890a2adfd4ee81cb8faa20ab9,5357,size_in_bytes,lib/ocaml/compiler-libs/flambda2_terms__Inlining_arguments.cmt,273758
2026-02-06T15:02:15Z,7e7d5d8c97a8904890a2adfd4ee81cb8faa20ab9,5357,size_in_bytes,lib/ocaml/compiler-libs/flambda2_simplify__Unboxing_types.cmt,232614
2026-02-06T15:02:15Z,7e7d5d8c97a8904890a2adfd4ee81cb8faa20ab9,5357,size_in_bytes,lib/ocaml/compiler-libs/cfg.cmt,801284
2026-02-06T15:02:15Z,7e7d5d8c97a8904890a2adfd4ee81cb8faa20ab9,5357,size_in_bytes,lib/ocaml/compiler-libs/flambda2_datalog__Schedule.cmt,678549
2026-02-06T15:02:15Z,7e7d5d8c97a8904890a2adfd4ee81cb8faa20ab9,5357,size_in_bytes,lib/ocaml/compiler-libs/docstrings.cmt,264713
2026-02-06T15:02:15Z,7e7d5d8c97a8904890a2adfd4ee81cb8faa20ab9,5357,size_in_bytes,lib/ocaml/compiler-libs/scalar.cmt,542430
2026-02-06T15:02:15Z,7e7d5d8c97a8904890a2adfd4ee81cb8faa20ab9,5357,size_in_bytes,lib/ocaml/compiler-libs/flambda2_ui__Flambda_features.cmt,270284
2026-02-06T15:02:15Z,7e7d5d8c97a8904890a2adfd4ee81cb8faa20ab9,5357,size_in_bytes,lib/ocaml/compiler-libs/ident.cmt,555858
2026-02-06T15:02:15Z,7e7d5d8c97a8904890a2adfd4ee81cb8faa20ab9,5357,size_in_bytes,lib/ocaml/compiler-libs/regalloc_split.cmt,475990
2026-02-06T15:02:15Z,7e7d5d8c97a8904890a2adfd4ee81cb8faa20ab9,5357,size_in_bytes,lib/ocaml/compiler-libs/flambda2_parser__Fexpr_prim_descr.cmt,491018
2026-02-06T15:02:15Z,7e7d5d8c97a8904890a2adfd4ee81cb8faa20ab9,5357,size_in_bytes,lib/ocaml/compiler-libs/generic_fns.cmt,377333
2026-02-06T15:02:15Z,7e7d5d8c97a8904890a2adfd4ee81cb8faa20ab9,5357,size_in_bytes,lib/ocaml/compiler-libs/partition_object_files.cmt,100817
2026-02-06T15:02:15Z,7e7d5d8c97a8904890a2adfd4ee81cb8faa20ab9,5357,size_in_bytes,lib/ocaml/compiler-libs/dwarf_low__Abbreviation_code.cmt,39285
2026-02-06T15:02:15Z,7e7d5d8c97a8904890a2adfd4ee81cb8faa20ab9,5357,size_in_bytes,lib/ocaml/compiler-libs/flambda2_simplify__Replay_history.cmt,173502
2026-02-06T15:02:15Z,7e7d5d8c97a8904890a2adfd4ee81cb8faa20ab9,5357,size_in_bytes,lib/ocaml/compiler-libs/cmm_helpers.cmt,6073689
2026-02-06T15:02:15Z,7e7d5d8c97a8904890a2adfd4ee81cb8faa20ab9,5357,size_in_bytes,lib/ocaml/compiler-libs/topmain.cmt,247582
2026-02-06T15:02:15Z,7e7d5d8c97a8904890a2adfd4ee81cb8faa20ab9,5357,size_in_bytes,lib/ocaml/compiler-libs/flambda2_term_basics__Unit.cmt,150743
2026-02-06T15:02:15Z,7e7d5d8c97a8904890a2adfd4ee81cb8faa20ab9,5357,size_in_bytes,lib/ocaml/compiler-libs/flambda2_numbers__Numeric_types.cmt,1539293
2026-02-06T15:02:15Z,7e7d5d8c97a8904890a2adfd4ee81cb8faa20ab9,5357,size_in_bytes,lib/ocaml/compiler-libs/tast_mapper.cmt,1551485
2026-02-06T15:02:15Z,7e7d5d8c97a8904890a2adfd4ee81cb8faa20ab9,5357,size_in_bytes,lib/ocaml/compiler-libs/types.cmt,1519055
2026-02-06T15:02:15Z,7e7d5d8c97a8904890a2adfd4ee81cb8faa20ab9,5357,size_in_bytes,lib/ocaml/compiler-libs/jkind_types.cmt,590093
2026-02-06T15:02:15Z,7e7d5d8c97a8904890a2adfd4ee81cb8faa20ab9,5357,size_in_bytes,lib/ocaml/compiler-libs/flambda2_bound_identifiers.cmt,14015
2026-02-06T15:02:15Z,7e7d5d8c97a8904890a2adfd4ee81cb8faa20ab9,5357,size_in_bytes,lib/ocaml/compiler-libs/jkind_axis.cmt,341304
2026-02-06T15:02:15Z,7e7d5d8c97a8904890a2adfd4ee81cb8faa20ab9,5357,size_in_bytes,lib/ocaml/compiler-libs/printreg.cmt,128771
2026-02-06T15:02:15Z,7e7d5d8c97a8904890a2adfd4ee81cb8faa20ab9,5357,size_in_bytes,lib/ocaml/compiler-libs/oprint.cmt,1881764
2026-02-06T15:02:15Z,7e7d5d8c97a8904890a2adfd4ee81cb8faa20ab9,5357,size_in_bytes,lib/ocaml/compiler-libs/flambda2_terms__Code_size.cmt,351245
2026-02-06T15:02:15Z,7e7d5d8c97a8904890a2adfd4ee81cb8faa20ab9,5357,size_in_bytes,lib/ocaml/compiler-libs/flambda2_datalog__Heterogenous_list.cmt,21384
2026-02-06T15:02:15Z,7e7d5d8c97a8904890a2adfd4ee81cb8faa20ab9,5357,size_in_bytes,lib/ocaml/compiler-libs/translobj.cmt,178259
2026-02-06T15:02:15Z,7e7d5d8c97a8904890a2adfd4ee81cb8faa20ab9,5357,size_in_bytes,lib/ocaml/compiler-libs/import_info.cmt,130670
2026-02-06T15:02:15Z,7e7d5d8c97a8904890a2adfd4ee81cb8faa20ab9,5357,size_in_bytes,lib/ocaml/compiler-libs/backend_var.cmt,150744
2026-02-06T15:02:15Z,7e7d5d8c97a8904890a2adfd4ee81cb8faa20ab9,5357,size_in_bytes,lib/ocaml/compiler-libs/flambda2_simplify__One_recursive_handler.cmt,49055
2026-02-06T15:02:15Z,7e7d5d8c97a8904890a2adfd4ee81cb8faa20ab9,5357,size_in_bytes,lib/ocaml/compiler-libs/flambda2_simplify__Lifted_constant_state.cmt,210901
2026-02-06T15:02:15Z,7e7d5d8c97a8904890a2adfd4ee81cb8faa20ab9,5357,size_in_bytes,lib/ocaml/compiler-libs/flambda2_types__Meet_env.cmt,331639
2026-02-06T15:02:15Z,7e7d5d8c97a8904890a2adfd4ee81cb8faa20ab9,5357,size_in_bytes,lib/ocaml/compiler-libs/dwarf_low__Range_list.cmt,15882
2026-02-06T15:02:15Z,7e7d5d8c97a8904890a2adfd4ee81cb8faa20ab9,5357,size_in_bytes,lib/ocaml/compiler-libs/relocation_entry.cmt,79040
2026-02-06T15:02:15Z,7e7d5d8c97a8904890a2adfd4ee81cb8faa20ab9,5357,size_in_bytes,lib/ocaml/compiler-libs/regalloc_ls_utils.cmt,396998
2026-02-06T15:02:15Z,7e7d5d8c97a8904890a2adfd4ee81cb8faa20ab9,5357,size_in_bytes,lib/ocaml/compiler-libs/cfg_reducibility.cmt,71411
2026-02-06T15:02:15Z,7e7d5d8c97a8904890a2adfd4ee81cb8faa20ab9,5357,size_in_bytes,lib/ocaml/compiler-libs/flambda2_to_cmm__To_cmm_set_of_closures.cmt,955646
2026-02-06T15:02:15Z,7e7d5d8c97a8904890a2adfd4ee81cb8faa20ab9,5357,size_in_bytes,lib/ocaml/compiler-libs/arch.cmt,647294
2026-02-06T15:02:15Z,7e7d5d8c97a8904890a2adfd4ee81cb8faa20ab9,5357,size_in_bytes,lib/ocaml/compiler-libs/flambda2_types__Type_descr.cmt,200373
2026-02-06T15:02:15Z,7e7d5d8c97a8904890a2adfd4ee81cb8faa20ab9,5357,size_in_bytes,lib/ocaml/compiler-libs/stypes.cmt,179156
2026-02-06T15:02:15Z,7e7d5d8c97a8904890a2adfd4ee81cb8faa20ab9,5357,size_in_bytes,lib/ocaml/compiler-libs/flambda2_simplify_shared__Are_rebuilding_terms.cmt,20877
2026-02-06T15:02:15Z,7e7d5d8c97a8904890a2adfd4ee81cb8faa20ab9,5357,size_in_bytes,lib/ocaml/compiler-libs/flambda2_parser.cmt,15576
2026-02-06T15:02:15Z,7e7d5d8c97a8904890a2adfd4ee81cb8faa20ab9,5357,size_in_bytes,lib/ocaml/compiler-libs/flambda2_simplify_shared__Exported_offsets.cmt,165483
2026-02-06T15:02:15Z,7e7d5d8c97a8904890a2adfd4ee81cb8faa20ab9,5357,size_in_bytes,lib/ocaml/compiler-libs/flambda2_simplify__Simplify_named.cmt,250441
2026-02-06T15:02:15Z,7e7d5d8c97a8904890a2adfd4ee81cb8faa20ab9,5357,size_in_bytes,lib/ocaml/compiler-libs/flambda2_classic_mode_types.cmt,7902
2026-02-06T15:02:15Z,7e7d5d8c97a8904890a2adfd4ee81cb8faa20ab9,5357,size_in_bytes,lib/ocaml/compiler-libs/flambda2_identifiers__Int_ids.cmt,1439342
2026-02-06T15:02:15Z,7e7d5d8c97a8904890a2adfd4ee81cb8faa20ab9,5357,size_in_bytes,lib/ocaml/compiler-libs/genprintval.cmt,877946
2026-02-06T15:02:15Z,7e7d5d8c97a8904890a2adfd4ee81cb8faa20ab9,5357,size_in_bytes,lib/ocaml/compiler-libs/cmm.cmt,527175
2026-02-06T15:02:15Z,7e7d5d8c97a8904890a2adfd4ee81cb8faa20ab9,5357,size_in_bytes,lib/ocaml/compiler-libs/translcore.cmt,2594841
2026-02-06T15:02:15Z,7e7d5d8c97a8904890a2adfd4ee81cb8faa20ab9,5357,size_in_bytes,lib/ocaml/compiler-libs/dwarf_low__Composite_location_description.cmt,30591
2026-02-06T15:02:15Z,7e7d5d8c97a8904890a2adfd4ee81cb8faa20ab9,5357,size_in_bytes,lib/ocaml/compiler-libs/flambda2_simplify__Comparison_result.cmt,80163
2026-02-06T15:02:15Z,7e7d5d8c97a8904890a2adfd4ee81cb8faa20ab9,5357,size_in_bytes,lib/ocaml/compiler-libs/flambda2_term_basics__Alloc_mode.cmt,160146
2026-02-06T15:02:15Z,7e7d5d8c97a8904890a2adfd4ee81cb8faa20ab9,5357,size_in_bytes,lib/ocaml/compiler-libs/optlibrarian.cmt,155836
2026-02-06T15:02:15Z,7e7d5d8c97a8904890a2adfd4ee81cb8faa20ab9,5357,size_in_bytes,lib/ocaml/compiler-libs/flambda2_bound_identifiers__Bound_var.cmt,65092
2026-02-06T15:02:15Z,7e7d5d8c97a8904890a2adfd4ee81cb8faa20ab9,5357,size_in_bytes,lib/ocaml/compiler-libs/flambda2_simplify__Simplify.cmt,88068
2026-02-06T15:02:15Z,7e7d5d8c97a8904890a2adfd4ee81cb8faa20ab9,5357,size_in_bytes,lib/ocaml/compiler-libs/toploop.cmt,394585
2026-02-06T15:02:15Z,7e7d5d8c97a8904890a2adfd4ee81cb8faa20ab9,5357,size_in_bytes,lib/ocaml/compiler-libs/binutils.cmt,712219
2026-02-06T15:02:15Z,7e7d5d8c97a8904890a2adfd4ee81cb8faa20ab9,5357,size_in_bytes,lib/ocaml/compiler-libs/meta.cmt,15745
2026-02-06T15:02:15Z,7e7d5d8c97a8904890a2adfd4ee81cb8faa20ab9,5357,size_in_bytes,lib/ocaml/compiler-libs/flambda2_types__Meet_and_join.cmt,2688005
2026-02-06T15:02:15Z,7e7d5d8c97a8904890a2adfd4ee81cb8faa20ab9,5357,size_in_bytes,lib/ocaml/compiler-libs/flambda2_identifiers__Code_id_or_name.cmt,27423
2026-02-06T15:02:15Z,7e7d5d8c97a8904890a2adfd4ee81cb8faa20ab9,5357,size_in_bytes,lib/ocaml/compiler-libs/cmt2annot.cmt,204315
2026-02-06T15:02:15Z,7e7d5d8c97a8904890a2adfd4ee81cb8faa20ab9,5357,size_in_bytes,lib/ocaml/compiler-libs/flambda2_simplify__Simplify_coercion.cmt,33491
2026-02-06T15:02:15Z,7e7d5d8c97a8904890a2adfd4ee81cb8faa20ab9,5357,size_in_bytes,lib/ocaml/compiler-libs/flambda2_identifiers__Apply_cont_rewrite_id.cmt,25575
2026-02-06T15:02:15Z,7e7d5d8c97a8904890a2adfd4ee81cb8faa20ab9,5357,size_in_bytes,lib/ocaml/compiler-libs/flambda2_lattices.cmt,9069
2026-02-06T15:02:15Z,7e7d5d8c97a8904890a2adfd4ee81cb8faa20ab9,5357,size_in_bytes,lib/ocaml/compiler-libs/flambda2_algorithms__Leapfrog.cmt,140746
2026-02-06T15:02:15Z,7e7d5d8c97a8904890a2adfd4ee81cb8faa20ab9,5357,size_in_bytes,lib/ocaml/compiler-libs/bytesections.cmt,113963
2026-02-06T15:02:15Z,7e7d5d8c97a8904890a2adfd4ee81cb8faa20ab9,5357,size_in_bytes,lib/ocaml/compiler-libs/flambda2_simplify__Flow_types.cmt,339124
2026-02-06T15:02:15Z,7e7d5d8c97a8904890a2adfd4ee81cb8faa20ab9,5357,size_in_bytes,lib/ocaml/compiler-libs/flambda2_identifiers__Function_slot.cmt,85885
2026-02-06T15:02:15Z,7e7d5d8c97a8904890a2adfd4ee81cb8faa20ab9,5357,size_in_bytes,lib/ocaml/compiler-libs/flambda2_from_lambda__Lambda_to_lambda_transforms.cmt,705042
2026-02-06T15:02:15Z,7e7d5d8c97a8904890a2adfd4ee81cb8faa20ab9,5357,size_in_bytes,lib/ocaml/compiler-libs/tmc.cmt,897183
2026-02-06T15:02:15Z,7e7d5d8c97a8904890a2adfd4ee81cb8faa20ab9,5357,size_in_bytes,lib/ocaml/compiler-libs/flambda2_bound_identifiers__Bound_continuation.cmt,31817
2026-02-06T15:02:15Z,7e7d5d8c97a8904890a2adfd4ee81cb8faa20ab9,5357,size_in_bytes,lib/ocaml/compiler-libs/flambda2_algorithms__Container_types.cmt,645153
2026-02-06T15:02:15Z,7e7d5d8c97a8904890a2adfd4ee81cb8faa20ab9,5357,size_in_bytes,lib/ocaml/compiler-libs/flambda2_term_basics__Rec_info_expr.cmt,53493
2026-02-06T15:02:15Z,7e7d5d8c97a8904890a2adfd4ee81cb8faa20ab9,5357,size_in_bytes,lib/ocaml/compiler-libs/main_args.cmt,3016246
2026-02-06T15:02:15Z,7e7d5d8c97a8904890a2adfd4ee81cb8faa20ab9,5357,size_in_bytes,lib/ocaml/compiler-libs/flambda2_parser__Fexpr_to_flambda_commons.cmt,368448
2026-02-06T15:02:15Z,7e7d5d8c97a8904890a2adfd4ee81cb8faa20ab9,5357,size_in_bytes,lib/ocaml/compiler-libs/flambda2_simplify__Build_unboxing_denv.cmt,234610
2026-02-06T15:02:15Z,7e7d5d8c97a8904890a2adfd4ee81cb8faa20ab9,5357,size_in_bytes,lib/ocaml/compiler-libs/regalloc_substitution.cmt,83244
2026-02-06T15:02:15Z,7e7d5d8c97a8904890a2adfd4ee81cb8faa20ab9,5357,size_in_bytes,lib/ocaml/compiler-libs/cfg_selection.cmt,508138
2026-02-06T15:02:15Z,7e7d5d8c97a8904890a2adfd4ee81cb8faa20ab9,5357,size_in_bytes,lib/ocaml/compiler-libs/flambda2_types__Provers.cmt,1171471
2026-02-06T15:02:15Z,7e7d5d8c97a8904890a2adfd4ee81cb8faa20ab9,5357,size_in_bytes,lib/ocaml/compiler-libs/flambda2_identifiers__Value_slot.cmt,85867
2026-02-06T15:02:15Z,7e7d5d8c97a8904890a2adfd4ee81cb8faa20ab9,5357,size_in_bytes,lib/ocaml/compiler-libs/language_extension.cmt,446261
2026-02-06T15:02:15Z,7e7d5d8c97a8904890a2adfd4ee81cb8faa20ab9,5357,size_in_bytes,lib/ocaml/compiler-libs/flambda2_cmx__Flambda_cmx_format.cmt,383590
2026-02-06T15:02:15Z,7e7d5d8c97a8904890a2adfd4ee81cb8faa20ab9,5357,size_in_bytes,lib/ocaml/compiler-libs/reg_class_utils.cmt,69403
2026-02-06T15:02:15Z,7e7d5d8c97a8904890a2adfd4ee81cb8faa20ab9,5357,size_in_bytes,lib/ocaml/compiler-libs/dwarf_flags.cmt,145031
2026-02-06T15:02:15Z,7e7d5d8c97a8904890a2adfd4ee81cb8faa20ab9,5357,size_in_bytes,lib/ocaml/compiler-libs/flambda2_simplify__Simplify_import.cmt,40916
2026-02-06T15:02:15Z,7e7d5d8c97a8904890a2adfd4ee81cb8faa20ab9,5357,size_in_bytes,lib/ocaml/compiler-libs/asm_targets__Asm_directives.cmt,1399734
2026-02-06T15:02:15Z,7e7d5d8c97a8904890a2adfd4ee81cb8faa20ab9,5357,size_in_bytes,lib/ocaml/compiler-libs/flambda2_identifiers__Code_id.cmt,22109
2026-02-06T15:02:15Z,7e7d5d8c97a8904890a2adfd4ee81cb8faa20ab9,5357,size_in_bytes,lib/ocaml/compiler-libs/flambda2_simplify__Number_adjuncts.cmt,1571864
2026-02-06T15:02:15Z,7e7d5d8c97a8904890a2adfd4ee81cb8faa20ab9,5357,size_in_bytes,lib/ocaml/compiler-libs/dsl_helpers.cmt,8660
2026-02-06T15:02:15Z,7e7d5d8c97a8904890a2adfd4ee81cb8faa20ab9,5357,size_in_bytes,lib/ocaml/compiler-libs/dwarf_low__Abbreviations_table.cmt,166098
2026-02-06T15:02:15Z,7e7d5d8c97a8904890a2adfd4ee81cb8faa20ab9,5357,size_in_bytes,lib/ocaml/compiler-libs/ccomp.cmt,211390
2026-02-06T15:02:15Z,7e7d5d8c97a8904890a2adfd4ee81cb8faa20ab9,5357,size_in_bytes,lib/ocaml/compiler-libs/flambda2_identifiers__Variable.cmt,40093
2026-02-06T15:02:15Z,7e7d5d8c97a8904890a2adfd4ee81cb8faa20ab9,5357,size_in_bytes,lib/ocaml/compiler-libs/flambda2_terms__Inline_attribute.cmt,48834
2026-02-06T15:02:15Z,7e7d5d8c97a8904890a2adfd4ee81cb8faa20ab9,5357,size_in_bytes,lib/ocaml/compiler-libs/flambda2_simplify__Common_subexpression_elimination.cmt,608070
2026-02-06T15:02:15Z,7e7d5d8c97a8904890a2adfd4ee81cb8faa20ab9,5357,size_in_bytes,lib/ocaml/compiler-libs/path.cmt,229162
2026-02-06T15:02:15Z,7e7d5d8c97a8904890a2adfd4ee81cb8faa20ab9,5357,size_in_bytes,lib/ocaml/compiler-libs/flambda2_to_jsir__To_jsir_set_of_closures.cmt,84038
2026-02-06T15:02:15Z,7e7d5d8c97a8904890a2adfd4ee81cb8faa20ab9,5357,size_in_bytes,lib/ocaml/compiler-libs/warnings.cmt,1038522
2026-02-06T15:02:15Z,7e7d5d8c97a8904890a2adfd4ee81cb8faa20ab9,5357,size_in_bytes,lib/ocaml/compiler-libs/envaux.cmt,122506
2026-02-06T15:02:15Z,7e7d5d8c97a8904890a2adfd4ee81cb8faa20ab9,5357,size_in_bytes,lib/ocaml/compiler-libs/opttoploop.cmt,958518
2026-02-06T15:02:15Z,7e7d5d8c97a8904890a2adfd4ee81cb8faa20ab9,5357,size_in_bytes,lib/ocaml/compiler-libs/transl_comprehension_utils.cmt,179386
2026-02-06T15:02:15Z,7e7d5d8c97a8904890a2adfd4ee81cb8faa20ab9,5357,size_in_bytes,lib/ocaml/compiler-libs/flambda2_to_cmm__To_cmm.cmt,374716
2026-02-06T15:02:15Z,7e7d5d8c97a8904890a2adfd4ee81cb8faa20ab9,5357,size_in_bytes,lib/ocaml/compiler-libs/regalloc_ls_state.cmt,257329
2026-02-06T15:02:15Z,7e7d5d8c97a8904890a2adfd4ee81cb8faa20ab9,5357,size_in_bytes,lib/ocaml/compiler-libs/includeclass.cmt,147349
2026-02-06T15:02:15Z,7e7d5d8c97a8904890a2adfd4ee81cb8faa20ab9,5357,size_in_bytes,lib/ocaml/compiler-libs/flambda2_simplify__Expr_builder.cmt,586314
2026-02-06T15:02:15Z,7e7d5d8c97a8904890a2adfd4ee81cb8faa20ab9,5357,size_in_bytes,lib/ocaml/compiler-libs/x86_masm.cmt,391606
2026-02-06T15:02:15Z,7e7d5d8c97a8904890a2adfd4ee81cb8faa20ab9,5357,size_in_bytes,lib/ocaml/compiler-libs/flambda2_types__Code_age_relation.cmt,107181
2026-02-06T15:02:15Z,7e7d5d8c97a8904890a2adfd4ee81cb8faa20ab9,5357,size_in_bytes,lib/ocaml/compiler-libs/identifiable.cmt,590438
2026-02-06T15:02:15Z,7e7d5d8c97a8904890a2adfd4ee81cb8faa20ab9,5357,size_in_bytes,lib/ocaml/compiler-libs/language_extension_kernel.cmt,19879
2026-02-06T15:02:15Z,7e7d5d8c97a8904890a2adfd4ee81cb8faa20ab9,5357,size_in_bytes,lib/ocaml/compiler-libs/flambda2_simplify__Non_recursive_handler.cmt,84759
2026-02-06T15:02:15Z,7e7d5d8c97a8904890a2adfd4ee81cb8faa20ab9,5357,size_in_bytes,lib/ocaml/compiler-libs/compenv.cmt,840389
2026-02-06T15:02:15Z,7e7d5d8c97a8904890a2adfd4ee81cb8faa20ab9,5357,size_in_bytes,lib/ocaml/compiler-libs/section_table.cmt,64159
2026-02-06T15:02:15Z,7e7d5d8c97a8904890a2adfd4ee81cb8faa20ab9,5357,size_in_bytes,lib/ocaml/compiler-libs/flambda2_terms__Coeffects.cmt,32334
2026-02-06T15:02:15Z,7e7d5d8c97a8904890a2adfd4ee81cb8faa20ab9,5357,size_in_bytes,lib/ocaml/compiler-libs/zero_alloc_info.cmt,67376
2026-02-06T15:02:15Z,7e7d5d8c97a8904890a2adfd4ee81cb8faa20ab9,5357,size_in_bytes,lib/ocaml/compiler-libs/regalloc_irc.cmt,713672
2026-02-06T15:02:15Z,7e7d5d8c97a8904890a2adfd4ee81cb8faa20ab9,5357,size_in_bytes,lib/ocaml/compiler-libs/env.cmt,6145777
2026-02-06T15:02:15Z,7e7d5d8c97a8904890a2adfd4ee81cb8faa20ab9,5357,size_in_bytes,lib/ocaml/compiler-libs/blambda.cmt,64186
2026-02-06T15:02:15Z,7e7d5d8c97a8904890a2adfd4ee81cb8faa20ab9,5357,size_in_bytes,lib/ocaml/compiler-libs/flambda2_identifiers__Code_id_or_symbol.cmt,19816
2026-02-06T15:02:15Z,7e7d5d8c97a8904890a2adfd4ee81cb8faa20ab9,5357,size_in_bytes,lib/ocaml/compiler-libs/flambda2_simplify__Simplify_let_cont_expr.cmt,1299529
2026-02-06T15:02:15Z,7e7d5d8c97a8904890a2adfd4ee81cb8faa20ab9,5357,size_in_bytes,lib/ocaml/compiler-libs/dwarf_low__Address_index.cmt,226537
2026-02-06T15:02:15Z,7e7d5d8c97a8904890a2adfd4ee81cb8faa20ab9,5357,size_in_bytes,lib/ocaml/compiler-libs/flambda2_terms__Flambda.cmt,1839349
2026-02-06T15:02:15Z,7e7d5d8c97a8904890a2adfd4ee81cb8faa20ab9,5357,size_in_bytes,lib/ocaml/compiler-libs/typemod.cmt,4911761
2026-02-06T15:02:15Z,7e7d5d8c97a8904890a2adfd4ee81cb8faa20ab9,5357,size_in_bytes,lib/ocaml/compiler-libs/switch.cmt,1160716
2026-02-06T15:02:15Z,7e7d5d8c97a8904890a2adfd4ee81cb8faa20ab9,5357,size_in_bytes,lib/ocaml/compiler-libs/string_table.cmt,28838
2026-02-06T15:02:15Z,7e7d5d8c97a8904890a2adfd4ee81cb8faa20ab9,5357,size_in_bytes,lib/ocaml/compiler-libs/asm_targets__Asm_label.cmt,205064
2026-02-06T15:02:15Z,7e7d5d8c97a8904890a2adfd4ee81cb8faa20ab9,5357,size_in_bytes,lib/ocaml/compiler-libs/dwarf_low__Dwarf_4_location_list_entry.cmt,99924
2026-02-06T15:02:15Z,7e7d5d8c97a8904890a2adfd4ee81cb8faa20ab9,5357,size_in_bytes,lib/ocaml/compiler-libs/flambda2_simplify__Simplify_static_const.cmt,389615
2026-02-06T15:02:15Z,7e7d5d8c97a8904890a2adfd4ee81cb8faa20ab9,5357,size_in_bytes,lib/ocaml/compiler-libs/printslambda.cmt,14360
2026-02-06T15:02:15Z,7e7d5d8c97a8904890a2adfd4ee81cb8faa20ab9,5357,size_in_bytes,lib/ocaml/compiler-libs/flambda2_simplify__Is_unboxing_beneficial.cmt,81728
2026-02-06T15:02:15Z,7e7d5d8c97a8904890a2adfd4ee81cb8faa20ab9,5357,size_in_bytes,lib/ocaml/compiler-libs/flambda2_terms__Flambda_unit.cmt,86428
2026-02-06T15:02:15Z,7e7d5d8c97a8904890a2adfd4ee81cb8faa20ab9,5357,size_in_bytes,lib/ocaml/compiler-libs/flambda2_to_cmm__To_cmm_static.cmt,1126063
2026-02-06T15:02:15Z,7e7d5d8c97a8904890a2adfd4ee81cb8faa20ab9,5357,size_in_bytes,lib/ocaml/compiler-libs/flambda2_simplify__Simplify_quaternary_primitive.cmt,100917
2026-02-06T15:02:15Z,7e7d5d8c97a8904890a2adfd4ee81cb8faa20ab9,5357,size_in_bytes,lib/ocaml/compiler-libs/jkind.cmt,3104993
2026-02-06T15:02:15Z,7e7d5d8c97a8904890a2adfd4ee81cb8faa20ab9,5357,size_in_bytes,lib/ocaml/compiler-libs/flambda2_simplify__Call_site_inlining_decision.cmt,206769
2026-02-06T15:02:15Z,7e7d5d8c97a8904890a2adfd4ee81cb8faa20ab9,5357,size_in_bytes,lib/ocaml/compiler-libs/predef.cmt,794847
2026-02-06T15:02:15Z,7e7d5d8c97a8904890a2adfd4ee81cb8faa20ab9,5357,size_in_bytes,lib/ocaml/compiler-libs/flambda2_term_basics.cmt,17827
2026-02-06T15:02:15Z,7e7d5d8c97a8904890a2adfd4ee81cb8faa20ab9,5357,size_in_bytes,lib/ocaml/compiler-libs/dwarf_low__Dwarf_int.cmt,95552
2026-02-06T15:02:15Z,7e7d5d8c97a8904890a2adfd4ee81cb8faa20ab9,5357,size_in_bytes,lib/ocaml/compiler-libs/compute_ranges_intf.cmt,176084
2026-02-06T15:02:15Z,7e7d5d8c97a8904890a2adfd4ee81cb8faa20ab9,5357,size_in_bytes,lib/ocaml/compiler-libs/asm_targets__Asm_directives_dwarf.cmt,10021
2026-02-06T15:02:15Z,7e7d5d8c97a8904890a2adfd4ee81cb8faa20ab9,5357,size_in_bytes,lib/ocaml/compiler-libs/flambda2_simplify__Flow_acc.cmt,454533
2026-02-06T15:02:15Z,7e7d5d8c97a8904890a2adfd4ee81cb8faa20ab9,5357,size_in_bytes,lib/ocaml/compiler-libs/flambda2_terms__Code_metadata.cmt,620998
2026-02-06T15:02:15Z,7e7d5d8c97a8904890a2adfd4ee81cb8faa20ab9,5357,size_in_bytes,lib/ocaml/compiler-libs/regalloc_utils.cmt,605224
2026-02-06T15:02:15Z,7e7d5d8c97a8904890a2adfd4ee81cb8faa20ab9,5357,size_in_bytes,lib/ocaml/compiler-libs/flambda2_terms__Validity.cmt,33854
2026-02-06T15:02:15Z,7e7d5d8c97a8904890a2adfd4ee81cb8faa20ab9,5357,size_in_bytes,lib/ocaml/compiler-libs/flambda2_identifiers.cmt,20070
2026-02-06T15:02:15Z,7e7d5d8c97a8904890a2adfd4ee81cb8faa20ab9,5357,size_in_bytes,lib/ocaml/compiler-libs/builtin_attributes.cmt,1012713
2026-02-06T15:02:15Z,7e7d5d8c97a8904890a2adfd4ee81cb8faa20ab9,5357,size_in_bytes,lib/ocaml/compiler-libs/stack_reg_offset.cmt,27984
2026-02-06T15:02:15Z,7e7d5d8c97a8904890a2adfd4ee81cb8faa20ab9,5357,size_in_bytes,lib/ocaml/compiler-libs/static_label.cmt,28371
2026-02-06T15:02:15Z,7e7d5d8c97a8904890a2adfd4ee81cb8faa20ab9,5357,size_in_bytes,lib/ocaml/compiler-libs/matching.cmt,4715612
2026-02-06T15:02:15Z,7e7d5d8c97a8904890a2adfd4ee81cb8faa20ab9,5357,size_in_bytes,lib/ocaml/compiler-libs/vectorize_utils.cmt,109758
2026-02-06T15:02:15Z,7e7d5d8c97a8904890a2adfd4ee81cb8faa20ab9,5357,size_in_bytes,lib/ocaml/compiler-libs/strongly_connected_components.cmt,220956
2026-02-06T15:02:15Z,7e7d5d8c97a8904890a2adfd4ee81cb8faa20ab9,5357,size_in_bytes,lib/ocaml/compiler-libs/blambda_of_lambda.cmt,1037232
2026-02-06T15:02:15Z,7e7d5d8c97a8904890a2adfd4ee81cb8faa20ab9,5357,size_in_bytes,lib/ocaml/compiler-libs/build_linker_args.cmt,29633
2026-02-06T15:02:15Z,7e7d5d8c97a8904890a2adfd4ee81cb8faa20ab9,5357,size_in_bytes,lib/ocaml/compiler-libs/flambda2_identifiers__Name.cmt,210890
2026-02-06T15:02:15Z,7e7d5d8c97a8904890a2adfd4ee81cb8faa20ab9,5357,size_in_bytes,lib/ocaml/compiler-libs/shape_reduce.cmt,787951
2026-02-06T15:02:15Z,7e7d5d8c97a8904890a2adfd4ee81cb8faa20ab9,5357,size_in_bytes,lib/ocaml/compiler-libs/flambda2_datalog__.cmt,14585
2026-02-06T15:02:15Z,7e7d5d8c97a8904890a2adfd4ee81cb8faa20ab9,5357,size_in_bytes,lib/ocaml/compiler-libs/expunge.cmt,75815
2026-02-06T15:02:15Z,7e7d5d8c97a8904890a2adfd4ee81cb8faa20ab9,5357,size_in_bytes,lib/ocaml/compiler-libs/flambda2_algorithms__Patricia_tree.cmt,1861494
2026-02-06T15:02:15Z,7e7d5d8c97a8904890a2adfd4ee81cb8faa20ab9,5357,size_in_bytes,lib/ocaml/compiler-libs/compile.cmt,143113
2026-02-06T15:02:15Z,7e7d5d8c97a8904890a2adfd4ee81cb8faa20ab9,5357,size_in_bytes,lib/ocaml/compiler-libs/bytelink.cmt,996778
2026-02-06T15:02:15Z,7e7d5d8c97a8904890a2adfd4ee81cb8faa20ab9,5357,size_in_bytes,lib/ocaml/compiler-libs/value_rec_compiler.cmt,603273
2026-02-06T15:02:15Z,7e7d5d8c97a8904890a2adfd4ee81cb8faa20ab9,5357,size_in_bytes,lib/ocaml/compiler-libs/dwarf_low__Debug_loc_table.cmt,37061
2026-02-06T15:02:15Z,7e7d5d8c97a8904890a2adfd4ee81cb8faa20ab9,5357,size_in_bytes,lib/ocaml/compiler-libs/inlined_frame_ranges.cmt,364988
2026-02-06T15:02:15Z,7e7d5d8c97a8904890a2adfd4ee81cb8faa20ab9,5357,size_in_bytes,lib/ocaml/compiler-libs/dwarf_low__Dwarf_4_range_list.cmt,47126
2026-02-06T15:02:15Z,7e7d5d8c97a8904890a2adfd4ee81cb8faa20ab9,5357,size_in_bytes,lib/ocaml/compiler-libs/flambda2_cmx__Exported_code.cmt,116830
2026-02-06T15:02:15Z,7e7d5d8c97a8904890a2adfd4ee81cb8faa20ab9,5357,size_in_bytes,lib/ocaml/compiler-libs/oxcaml_flags.cmt,332271
2026-02-06T15:02:15Z,7e7d5d8c97a8904890a2adfd4ee81cb8faa20ab9,5357,size_in_bytes,lib/ocaml/compiler-libs/parser.cmt,56530140
2026-02-06T15:02:15Z,7e7d5d8c97a8904890a2adfd4ee81cb8faa20ab9,5357,size_in_bytes,lib/ocaml/compiler-libs/flambda2_from_lambda__Lambda_to_flambda_primitives.cmt,3111067
2026-02-06T15:02:15Z,7e7d5d8c97a8904890a2adfd4ee81cb8faa20ab9,5357,size_in_bytes,lib/ocaml/compiler-libs/symbol.cmt,200511
2026-02-06T15:02:15Z,7e7d5d8c97a8904890a2adfd4ee81cb8faa20ab9,5357,size_in_bytes,lib/ocaml/compiler-libs/flambda2_types__Equal_types_for_debug.cmt,664711
2026-02-06T15:02:15Z,7e7d5d8c97a8904890a2adfd4ee81cb8faa20ab9,5357,size_in_bytes,lib/ocaml/compiler-libs/probe_emission.cmt,176897
2026-02-06T15:02:15Z,7e7d5d8c97a8904890a2adfd4ee81cb8faa20ab9,5357,size_in_bytes,lib/ocaml/compiler-libs/cfg_format.cmt,90828
2026-02-06T15:02:15Z,7e7d5d8c97a8904890a2adfd4ee81cb8faa20ab9,5357,size_in_bytes,lib/ocaml/compiler-libs/dwarf_high__Dwarf_attribute_helpers.cmt,396464
2026-02-06T15:02:15Z,7e7d5d8c97a8904890a2adfd4ee81cb8faa20ab9,5357,size_in_bytes,lib/ocaml/compiler-libs/flambda2_simplify__Continuation_shortcut.cmt,73844
2026-02-06T15:02:15Z,7e7d5d8c97a8904890a2adfd4ee81cb8faa20ab9,5357,size_in_bytes,lib/ocaml/compiler-libs/flambda2_simplify__Lifted_constant.cmt,280075
2026-02-06T15:02:15Z,7e7d5d8c97a8904890a2adfd4ee81cb8faa20ab9,5357,size_in_bytes,lib/ocaml/compiler-libs/linker_script.cmt,55157
2026-02-06T15:02:15Z,7e7d5d8c97a8904890a2adfd4ee81cb8faa20ab9,5357,size_in_bytes,lib/ocaml/compiler-libs/flambda2_classic_mode_types__Value_approximation.cmt,74325
2026-02-06T15:02:15Z,7e7d5d8c97a8904890a2adfd4ee81cb8faa20ab9,5357,size_in_bytes,lib/ocaml/compiler-libs/profile_counters_functions.cmt,127282
2026-02-06T15:02:15Z,7e7d5d8c97a8904890a2adfd4ee81cb8faa20ab9,5357,size_in_bytes,lib/ocaml/compiler-libs/amd64_simd_defs.cmt,122420
2026-02-06T15:02:15Z,7e7d5d8c97a8904890a2adfd4ee81cb8faa20ab9,5357,size_in_bytes,lib/ocaml/compiler-libs/asm_targets__Asm_section.cmt,199452
2026-02-06T15:02:15Z,7e7d5d8c97a8904890a2adfd4ee81cb8faa20ab9,5357,size_in_bytes,lib/ocaml/compiler-libs/dwarf_state.cmt,64147
2026-02-06T15:02:15Z,7e7d5d8c97a8904890a2adfd4ee81cb8faa20ab9,5357,size_in_bytes,lib/ocaml/compiler-libs/flambda2_simplify__Rebuilt_static_const.cmt,320174
2026-02-06T15:02:15Z,7e7d5d8c97a8904890a2adfd4ee81cb8faa20ab9,5357,size_in_bytes,lib/ocaml/compiler-libs/fdo_info.cmt,27860
2026-02-06T15:02:15Z,7e7d5d8c97a8904890a2adfd4ee81cb8faa20ab9,5357,size_in_bytes,lib/ocaml/compiler-libs/errortrace.cmt,134171
2026-02-06T15:02:15Z,7e7d5d8c97a8904890a2adfd4ee81cb8faa20ab9,5357,size_in_bytes,lib/ocaml/compiler-libs/CSE.cmt,68218
2026-02-06T15:02:15Z,7e7d5d8c97a8904890a2adfd4ee81cb8faa20ab9,5357,size_in_bytes,lib/ocaml/compiler-libs/flambda2_terms__Inlining_history.cmt,292043
2026-02-06T15:02:15Z,7e7d5d8c97a8904890a2adfd4ee81cb8faa20ab9,5357,size_in_bytes,lib/ocaml/compiler-libs/reg.cmt,456530
2026-02-06T15:02:15Z,7e7d5d8c97a8904890a2adfd4ee81cb8faa20ab9,5357,size_in_bytes,lib/ocaml/compiler-libs/flambda2_simplify__Simplify_apply_cont_expr.cmt,148378
2026-02-06T15:02:15Z,7e7d5d8c97a8904890a2adfd4ee81cb8faa20ab9,5357,size_in_bytes,lib/ocaml/compiler-libs/dwarf_high__Proto_die.cmt,89500
2026-02-06T15:02:15Z,7e7d5d8c97a8904890a2adfd4ee81cb8faa20ab9,5357,size_in_bytes,lib/ocaml/compiler-libs/flambda2_simplify__Upwards_acc.cmt,197756
2026-02-06T15:02:15Z,7e7d5d8c97a8904890a2adfd4ee81cb8faa20ab9,5357,size_in_bytes,lib/ocaml/compiler-libs/flambda2_simplify__Simplify_set_of_closures_context.cmt,243986
2026-02-06T15:02:15Z,7e7d5d8c97a8904890a2adfd4ee81cb8faa20ab9,5357,size_in_bytes,lib/ocaml/compiler-libs/build_igot_and_iplt.cmt,42826
2026-02-06T15:02:15Z,7e7d5d8c97a8904890a2adfd4ee81cb8faa20ab9,5357,size_in_bytes,lib/ocaml/compiler-libs/flambda2_simplify.cmt,67494
2026-02-06T15:02:15Z,7e7d5d8c97a8904890a2adfd4ee81cb8faa20ab9,5357,size_in_bytes,lib/ocaml/compiler-libs/flambda2_simplify__One_continuation_use.cmt,57153
2026-02-06T15:02:15Z,7e7d5d8c97a8904890a2adfd4ee81cb8faa20ab9,5357,size_in_bytes,lib/ocaml/compiler-libs/translquote.cmt,3902240
2026-02-06T15:02:15Z,7e7d5d8c97a8904890a2adfd4ee81cb8faa20ab9,5357,size_in_bytes,lib/ocaml/compiler-libs/regalloc_interf_graph.cmt,203161
2026-02-06T15:02:15Z,7e7d5d8c97a8904890a2adfd4ee81cb8faa20ab9,5357,size_in_bytes,lib/ocaml/compiler-libs/simplify_terminator.cmt,361163
2026-02-06T15:02:15Z,7e7d5d8c97a8904890a2adfd4ee81cb8faa20ab9,5357,size_in_bytes,lib/ocaml/compiler-libs/bytegen.cmt,1017571
2026-02-06T15:02:15Z,7e7d5d8c97a8904890a2adfd4ee81cb8faa20ab9,5357,size_in_bytes,lib/ocaml/compiler-libs/includecore.cmt,1701911
2026-02-06T15:02:15Z,7e7d5d8c97a8904890a2adfd4ee81cb8faa20ab9,5357,size_in_bytes,lib/ocaml/compiler-libs/flambda2_simplify__Apply_cont_rewrite.cmt,244060
2026-02-06T15:02:15Z,7e7d5d8c97a8904890a2adfd4ee81cb8faa20ab9,5357,size_in_bytes,lib/ocaml/compiler-libs/complex_shape.cmt,732302
2026-02-06T15:02:15Z,7e7d5d8c97a8904890a2adfd4ee81cb8faa20ab9,5357,size_in_bytes,lib/ocaml/compiler-libs/flambda2_term_basics__Simple.cmt,562951
2026-02-06T15:02:15Z,7e7d5d8c97a8904890a2adfd4ee81cb8faa20ab9,5357,size_in_bytes,lib/ocaml/compiler-libs/flambda2_to_cmm__To_cmm_result.cmt,155919
2026-02-06T15:02:15Z,7e7d5d8c97a8904890a2adfd4ee81cb8faa20ab9,5357,size_in_bytes,lib/ocaml/compiler-libs/iplt.cmt,104904
2026-02-06T15:02:15Z,7e7d5d8c97a8904890a2adfd4ee81cb8faa20ab9,5357,size_in_bytes,lib/ocaml/compiler-libs/flambda2_terms__Poll_attribute.cmt,28898
2026-02-06T15:02:15Z,7e7d5d8c97a8904890a2adfd4ee81cb8faa20ab9,5357,size_in_bytes,lib/ocaml/compiler-libs/x86_ast_utils.cmt,111964
2026-02-06T15:02:15Z,7e7d5d8c97a8904890a2adfd4ee81cb8faa20ab9,5357,size_in_bytes,lib/ocaml/compiler-libs/dwarf_low__Dwarf_arch_sizes.cmt,8489
2026-02-06T15:02:15Z,7e7d5d8c97a8904890a2adfd4ee81cb8faa20ab9,5357,size_in_bytes,lib/ocaml/compiler-libs/llvm_ir.cmt,1376563
2026-02-06T15:02:15Z,7e7d5d8c97a8904890a2adfd4ee81cb8faa20ab9,5357,size_in_bytes,lib/ocaml/compiler-libs/symbol_table.cmt,137032
2026-02-06T15:02:15Z,7e7d5d8c97a8904890a2adfd4ee81cb8faa20ab9,5357,size_in_bytes,lib/ocaml/compiler-libs/regalloc_irc_state.cmt,707755
2026-02-06T15:02:15Z,7e7d5d8c97a8904890a2adfd4ee81cb8faa20ab9,5357,size_in_bytes,lib/ocaml/compiler-libs/emitaux.cmt,648400
2026-02-06T15:02:15Z,7e7d5d8c97a8904890a2adfd4ee81cb8faa20ab9,5357,size_in_bytes,lib/ocaml/compiler-libs/flambda2_simplify_shared__Slot_offsets.cmt,882392
2026-02-06T15:02:15Z,7e7d5d8c97a8904890a2adfd4ee81cb8faa20ab9,5357,size_in_bytes,lib/ocaml/compiler-libs/attr_helper.cmt,42992
2026-02-06T15:02:15Z,7e7d5d8c97a8904890a2adfd4ee81cb8faa20ab9,5357,size_in_bytes,lib/ocaml/compiler-libs/printinstr.cmt,246198
2026-02-06T15:02:15Z,7e7d5d8c97a8904890a2adfd4ee81cb8faa20ab9,5357,size_in_bytes,lib/ocaml/compiler-libs/x86_proc.cmt,366207
2026-02-06T15:02:15Z,7e7d5d8c97a8904890a2adfd4ee81cb8faa20ab9,5357,size_in_bytes,lib/ocaml/compiler-libs/printslambda0.cmt,15827
2026-02-06T15:02:15Z,7e7d5d8c97a8904890a2adfd4ee81cb8faa20ab9,5357,size_in_bytes,lib/ocaml/compiler-libs/linkenv.cmt,371873
2026-02-06T15:02:15Z,7e7d5d8c97a8904890a2adfd4ee81cb8faa20ab9,5357,size_in_bytes,lib/ocaml/compiler-libs/dwarf_low__Dwarf_value.cmt,415441
2026-02-06T15:02:15Z,7e7d5d8c97a8904890a2adfd4ee81cb8faa20ab9,5357,size_in_bytes,lib/ocaml/compiler-libs/flambda2_reaper__Global_flow_graph.cmt,270604
2026-02-06T15:02:15Z,7e7d5d8c97a8904890a2adfd4ee81cb8faa20ab9,5357,size_in_bytes,lib/ocaml/compiler-libs/stack_class_utils.cmt,158899
2026-02-06T15:02:15Z,7e7d5d8c97a8904890a2adfd4ee81cb8faa20ab9,5357,size_in_bytes,lib/ocaml/compiler-libs/topstart.cmt,9636
2026-02-06T15:02:15Z,7e7d5d8c97a8904890a2adfd4ee81cb8faa20ab9,5357,size_in_bytes,lib/ocaml/compiler-libs/flambda2_nominal__Contains_names.cmt,21534
2026-02-06T15:02:15Z,7e7d5d8c97a8904890a2adfd4ee81cb8faa20ab9,5357,size_in_bytes,lib/ocaml/compiler-libs/flambda2_terms__Code0.cmt,137002
2026-02-06T15:02:15Z,7e7d5d8c97a8904890a2adfd4ee81cb8faa20ab9,5357,size_in_bytes,lib/ocaml/compiler-libs/flambda2_types__Meet.cmt,58362
2026-02-06T15:02:15Z,7e7d5d8c97a8904890a2adfd4ee81cb8faa20ab9,5357,size_in_bytes,lib/ocaml/compiler-libs/printlambda.cmt,2252611
2026-02-06T15:02:15Z,7e7d5d8c97a8904890a2adfd4ee81cb8faa20ab9,5357,size_in_bytes,lib/ocaml/compiler-libs/asmgen.cmt,849876
2026-02-06T15:02:15Z,7e7d5d8c97a8904890a2adfd4ee81cb8faa20ab9,5357,size_in_bytes,lib/ocaml/compiler-libs/dwarf_low__Dwarf_attributes.cmt,571364
2026-02-06T15:02:15Z,7e7d5d8c97a8904890a2adfd4ee81cb8faa20ab9,5357,size_in_bytes,lib/ocaml/compiler-libs/label.cmt,45629
2026-02-06T15:02:15Z,7e7d5d8c97a8904890a2adfd4ee81cb8faa20ab9,5357,size_in_bytes,lib/ocaml/compiler-libs/printpat.cmt,403858
2026-02-06T15:02:15Z,7e7d5d8c97a8904890a2adfd4ee81cb8faa20ab9,5357,size_in_bytes,lib/ocaml/compiler-libs/dwarf_low__Aranges_table.cmt,43776
2026-02-06T15:02:15Z,7e7d5d8c97a8904890a2adfd4ee81cb8faa20ab9,5357,size_in_bytes,lib/ocaml/compiler-libs/priority_queue.cmt,190602
2026-02-06T15:02:15Z,7e7d5d8c97a8904890a2adfd4ee81cb8faa20ab9,5357,size_in_bytes,lib/ocaml/compiler-libs/typecore.cmt,12246710
2026-02-06T15:02:15Z,7e7d5d8c97a8904890a2adfd4ee81cb8faa20ab9,5357,size_in_bytes,lib/ocaml/compiler-libs/regalloc_gi_utils.cmt,605561
2026-02-06T15:02:15Z,7e7d5d8c97a8904890a2adfd4ee81cb8faa20ab9,5357,size_in_bytes,lib/ocaml/compiler-libs/flambda2_algorithms__Channel.cmt,15481
2026-02-06T15:02:15Z,7e7d5d8c97a8904890a2adfd4ee81cb8faa20ab9,5357,size_in_bytes,lib/ocaml/compiler-libs/lambda.cmt,2251138
2026-02-06T15:02:15Z,7e7d5d8c97a8904890a2adfd4ee81cb8faa20ab9,5357,size_in_bytes,lib/ocaml/compiler-libs/flambda2_identifiers__Slot.cmt,289639
2026-02-06T15:02:15Z,7e7d5d8c97a8904890a2adfd4ee81cb8faa20ab9,5357,size_in_bytes,lib/ocaml/compiler-libs/dwarf_low__Debug_info_section.cmt,70032
2026-02-06T15:02:15Z,7e7d5d8c97a8904890a2adfd4ee81cb8faa20ab9,5357,size_in_bytes,lib/ocaml/compiler-libs/flambda2_to_jsir__To_jsir_static_const.cmt,292081
2026-02-06T15:02:15Z,7e7d5d8c97a8904890a2adfd4ee81cb8faa20ab9,5357,size_in_bytes,lib/ocaml/compiler-libs/compilation_unit.cmt,980436
2026-02-06T15:02:15Z,7e7d5d8c97a8904890a2adfd4ee81cb8faa20ab9,5357,size_in_bytes,lib/ocaml/compiler-libs/partition.cmt,42337
2026-02-06T15:02:15Z,7e7d5d8c97a8904890a2adfd4ee81cb8faa20ab9,5357,size_in_bytes,lib/ocaml/compiler-libs/dwarf_low__Dwarf_format.cmt,17647
2026-02-06T15:02:15Z,7e7d5d8c97a8904890a2adfd4ee81cb8faa20ab9,5357,size_in_bytes,lib/ocaml/compiler-libs/flambda2_parser__Flambda_to_fexpr_commons.cmt,569950
2026-02-06T15:02:15Z,7e7d5d8c97a8904890a2adfd4ee81cb8faa20ab9,5357,size_in_bytes,lib/ocaml/compiler-libs/cfg_loop_infos.cmt,197288
2026-02-06T15:02:15Z,7e7d5d8c97a8904890a2adfd4ee81cb8faa20ab9,5357,size_in_bytes,lib/ocaml/compiler-libs/linkage_name.cmt,162361
2026-02-06T15:02:15Z,7e7d5d8c97a8904890a2adfd4ee81cb8faa20ab9,5357,size_in_bytes,lib/ocaml/compiler-libs/instruct.cmt,43096
2026-02-06T15:02:15Z,7e7d5d8c97a8904890a2adfd4ee81cb8faa20ab9,5357,size_in_bytes,lib/ocaml/compiler-libs/flambda2_numbers__Targetint_32_64.cmt,885882
2026-02-06T15:02:15Z,7e7d5d8c97a8904890a2adfd4ee81cb8faa20ab9,5357,size_in_bytes,lib/ocaml/compiler-libs/flambda2_term_basics__Empty_array_kind.cmt,46868
2026-02-06T15:02:15Z,7e7d5d8c97a8904890a2adfd4ee81cb8faa20ab9,5357,size_in_bytes,lib/ocaml/compiler-libs/flambda2_term_basics__Tag_and_size.cmt,159314
2026-02-06T15:02:15Z,7e7d5d8c97a8904890a2adfd4ee81cb8faa20ab9,5357,size_in_bytes,lib/ocaml/compiler-libs/runtimedef.cmt,81248
2026-02-06T15:02:15Z,7e7d5d8c97a8904890a2adfd4ee81cb8faa20ab9,5357,size_in_bytes,lib/ocaml/compiler-libs/dwarf_low__Initial_length.cmt,22908
2026-02-06T15:02:15Z,7e7d5d8c97a8904890a2adfd4ee81cb8faa20ab9,5357,size_in_bytes,lib/ocaml/compiler-libs/measure_object_files.cmt,187727
2026-02-06T15:02:15Z,7e7d5d8c97a8904890a2adfd4ee81cb8faa20ab9,5357,size_in_bytes,lib/ocaml/compiler-libs/flambda2_identifiers__Symbol.cmt,24024
2026-02-06T15:02:15Z,7e7d5d8c97a8904890a2adfd4ee81cb8faa20ab9,5357,size_in_bytes,lib/ocaml/compiler-libs/flambda2_terms__Trap_action.cmt,100982
2026-02-06T15:02:15Z,7e7d5d8c97a8904890a2adfd4ee81cb8faa20ab9,5357,size_in_bytes,lib/ocaml/compiler-libs/dwarf_high__Operator_builder.cmt,125158
2026-02-06T15:02:15Z,7e7d5d8c97a8904890a2adfd4ee81cb8faa20ab9,5357,size_in_bytes,lib/ocaml/compiler-libs/flambda2_terms__Expr_std.cmt,28551
2026-02-06T15:02:15Z,7e7d5d8c97a8904890a2adfd4ee81cb8faa20ab9,5357,size_in_bytes,lib/ocaml/compiler-libs/vectorize.cmt,2967183
2026-02-06T15:02:15Z,7e7d5d8c97a8904890a2adfd4ee81cb8faa20ab9,5357,size_in_bytes,lib/ocaml/compiler-libs/flambda2_reaper__Rev_expr.cmt,37879
2026-02-06T15:02:15Z,7e7d5d8c97a8904890a2adfd4ee81cb8faa20ab9,5357,size_in_bytes,lib/ocaml/compiler-libs/eh_frame_registration.cmt,30149
2026-02-06T15:02:15Z,7e7d5d8c97a8904890a2adfd4ee81cb8faa20ab9,5357,size_in_bytes,lib/ocaml/compiler-libs/partial_link.cmt,79980
2026-02-06T15:02:15Z,7e7d5d8c97a8904890a2adfd4ee81cb8faa20ab9,5357,size_in_bytes,lib/ocaml/compiler-libs/instructionId.cmt,38063
2026-02-06T15:02:15Z,7e7d5d8c97a8904890a2adfd4ee81cb8faa20ab9,5357,size_in_bytes,lib/ocaml/compiler-libs/flambda2_lattices__Or_bottom.cmt,50990
2026-02-06T15:02:15Z,7e7d5d8c97a8904890a2adfd4ee81cb8faa20ab9,5357,size_in_bytes,lib/ocaml/compiler-libs/flambda2_from_lambda.cmt,12652
2026-02-06T15:02:15Z,7e7d5d8c97a8904890a2adfd4ee81cb8faa20ab9,5357,size_in_bytes,lib/ocaml/compiler-libs/flambda2_simplify__Closure_info.cmt,61582
2026-02-06T15:02:15Z,7e7d5d8c97a8904890a2adfd4ee81cb8faa20ab9,5357,size_in_bytes,lib/ocaml/compiler-libs/flambda2_simplify__Simplify_switch_expr.cmt,658102
2026-02-06T15:02:15Z,7e7d5d8c97a8904890a2adfd4ee81cb8faa20ab9,5357,size_in_bytes,lib/ocaml/compiler-libs/flambda2_to_jsir__To_jsir.cmt,644880
2026-02-06T15:02:15Z,7e7d5d8c97a8904890a2adfd4ee81cb8faa20ab9,5357,size_in_bytes,lib/ocaml/compiler-libs/ctype.cmt,8481306
2026-02-06T15:02:15Z,7e7d5d8c97a8904890a2adfd4ee81cb8faa20ab9,5357,size_in_bytes,lib/ocaml/compiler-libs/flambda2_simplify__Unboxing_epa.cmt,447186
2026-02-06T15:02:15Z,7e7d5d8c97a8904890a2adfd4ee81cb8faa20ab9,5357,size_in_bytes,lib/ocaml/compiler-libs/flambda2_bound_identifiers__Bound_pattern.cmt,202440
2026-02-06T15:02:15Z,7e7d5d8c97a8904890a2adfd4ee81cb8faa20ab9,5357,size_in_bytes,lib/ocaml/compiler-libs/flambda2_types__Join_levels.cmt,133023
2026-02-06T15:02:15Z,7e7d5d8c97a8904890a2adfd4ee81cb8faa20ab9,5357,size_in_bytes,lib/ocaml/compiler-libs/dwarf_concrete_instances.cmt,80304
2026-02-06T15:02:15Z,7e7d5d8c97a8904890a2adfd4ee81cb8faa20ab9,5357,size_in_bytes,lib/ocaml/compiler-libs/primitive.cmt,865083
2026-02-06T15:02:15Z,7e7d5d8c97a8904890a2adfd4ee81cb8faa20ab9,5357,size_in_bytes,lib/ocaml/compiler-libs/flambda2_terms__Recursive.cmt,24031
2026-02-06T15:02:15Z,7e7d5d8c97a8904890a2adfd4ee81cb8faa20ab9,5357,size_in_bytes,lib/ocaml/compiler-libs/symtable.cmt,566182
2026-02-06T15:02:15Z,7e7d5d8c97a8904890a2adfd4ee81cb8faa20ab9,5357,size_in_bytes,lib/ocaml/compiler-libs/lazy_backtrack.cmt,71141
2026-02-06T15:02:15Z,7e7d5d8c97a8904890a2adfd4ee81cb8faa20ab9,5357,size_in_bytes,lib/ocaml/compiler-libs/available_ranges_vars.cmt,179119
2026-02-06T15:02:15Z,7e7d5d8c97a8904890a2adfd4ee81cb8faa20ab9,5357,size_in_bytes,lib/ocaml/compiler-libs/operation.cmt,373425
2026-02-06T15:02:15Z,7e7d5d8c97a8904890a2adfd4ee81cb8faa20ab9,5357,size_in_bytes,lib/ocaml/compiler-libs/longident.cmt,42585
2026-02-06T15:02:15Z,7e7d5d8c97a8904890a2adfd4ee81cb8faa20ab9,5357,size_in_bytes,lib/ocaml/compiler-libs/flambda2_to_cmm__To_cmm_env.cmt,1146920
2026-02-06T15:02:15Z,7e7d5d8c97a8904890a2adfd4ee81cb8faa20ab9,5357,size_in_bytes,lib/ocaml/compiler-libs/flambda2_simplify__Mutable_unboxing.cmt,606491
2026-02-06T15:02:15Z,7e7d5d8c97a8904890a2adfd4ee81cb8faa20ab9,5357,size_in_bytes,lib/ocaml/compiler-libs/cms_format.cmt,128055
2026-02-06T15:02:15Z,7e7d5d8c97a8904890a2adfd4ee81cb8faa20ab9,5357,size_in_bytes,lib/ocaml/compiler-libs/shape.cmt,1418376
2026-02-06T15:02:15Z,7e7d5d8c97a8904890a2adfd4ee81cb8faa20ab9,5357,size_in_bytes,lib/ocaml/compiler-libs/flambda2_types__Join_env.cmt,2590095
2026-02-06T15:02:15Z,7e7d5d8c97a8904890a2adfd4ee81cb8faa20ab9,5357,size_in_bytes,lib/ocaml/compiler-libs/reg_with_debug_info.cmt,255668
2026-02-06T15:02:15Z,7e7d5d8c97a8904890a2adfd4ee81cb8faa20ab9,5357,size_in_bytes,lib/ocaml/compiler-libs/flambda2_term_basics__Continuation_use_kind.cmt,11169
2026-02-06T15:02:15Z,7e7d5d8c97a8904890a2adfd4ee81cb8faa20ab9,5357,size_in_bytes,lib/ocaml/compiler-libs/flambda2_term_basics__Coercion.cmt,58235
2026-02-06T15:02:15Z,7e7d5d8c97a8904890a2adfd4ee81cb8faa20ab9,5357,size_in_bytes,lib/ocaml/compiler-libs/proc.cmt,663782
2026-02-06T15:02:15Z,7e7d5d8c97a8904890a2adfd4ee81cb8faa20ab9,5357,size_in_bytes,lib/ocaml/compiler-libs/optmaindriver.cmt,261302
2026-02-06T15:02:15Z,7e7d5d8c97a8904890a2adfd4ee81cb8faa20ab9,5357,size_in_bytes,lib/ocaml/compiler-libs/flambda2_simplify__Flow_analysis.cmt,178227
2026-02-06T15:02:15Z,7e7d5d8c97a8904890a2adfd4ee81cb8faa20ab9,5357,size_in_bytes,lib/ocaml/compiler-libs/flambda2_simplify__Continuation_extra_params_and_args.cmt,178128
2026-02-06T15:02:15Z,7e7d5d8c97a8904890a2adfd4ee81cb8faa20ab9,5357,size_in_bytes,lib/ocaml/compiler-libs/flambda2_simplify__Loopify_state.cmt,31790
2026-02-06T15:02:15Z,7e7d5d8c97a8904890a2adfd4ee81cb8faa20ab9,5357,size_in_bytes,lib/ocaml/compiler-libs/flambda2_simplify__Simplify_primitive_result.cmt,59695
2026-02-06T15:02:15Z,7e7d5d8c97a8904890a2adfd4ee81cb8faa20ab9,5357,size_in_bytes,lib/ocaml/compiler-libs/flambda2_nominal__Permutation.cmt,114304
2026-02-06T15:02:15Z,7e7d5d8c97a8904890a2adfd4ee81cb8faa20ab9,5357,size_in_bytes,lib/ocaml/compiler-libs/flambda2_terms__Inlined_attribute.cmt,70206
2026-02-06T15:02:15Z,7e7d5d8c97a8904890a2adfd4ee81cb8faa20ab9,5357,size_in_bytes,lib/ocaml/compiler-libs/dwarf_low__Dwarf_version.cmt,25466
2026-02-06T15:02:15Z,7e7d5d8c97a8904890a2adfd4ee81cb8faa20ab9,5357,size_in_bytes,lib/ocaml/compiler-libs/ast_invariants.cmt,254649
2026-02-06T15:02:15Z,7e7d5d8c97a8904890a2adfd4ee81cb8faa20ab9,5357,size_in_bytes,lib/ocaml/compiler-libs/flambda2_ui__Flambda_colours.cmt,168042
2026-02-06T15:02:15Z,7e7d5d8c97a8904890a2adfd4ee81cb8faa20ab9,5357,size_in_bytes,lib/ocaml/compiler-libs/simd.cmt,946258
2026-02-06T15:02:15Z,7e7d5d8c97a8904890a2adfd4ee81cb8faa20ab9,5357,size_in_bytes,lib/ocaml/compiler-libs/cfg_to_linear_desc.cmt,28911
2026-02-06T15:02:15Z,7e7d5d8c97a8904890a2adfd4ee81cb8faa20ab9,5357,size_in_bytes,lib/ocaml/compiler-libs/flambda2_from_lambda__Lambda_to_flambda.cmt,1869218
2026-02-06T15:02:15Z,7e7d5d8c97a8904890a2adfd4ee81cb8faa20ab9,5357,size_in_bytes,lib/ocaml/compiler-libs/format_doc.cmt,765143
2026-02-06T15:02:15Z,7e7d5d8c97a8904890a2adfd4ee81cb8faa20ab9,5357,size_in_bytes,lib/ocaml/compiler-libs/terminfo.cmt,40605
2026-02-06T15:02:15Z,7e7d5d8c97a8904890a2adfd4ee81cb8faa20ab9,5357,size_in_bytes,lib/ocaml/compiler-libs/cfg_deadcode.cmt,66450
2026-02-06T15:02:15Z,7e7d5d8c97a8904890a2adfd4ee81cb8faa20ab9,5357,size_in_bytes,lib/ocaml/compiler-libs/flambda2_nominal__Name_abstraction.cmt,113094
2026-02-06T15:02:15Z,7e7d5d8c97a8904890a2adfd4ee81cb8faa20ab9,5357,size_in_bytes,lib/ocaml/compiler-libs/typedecl_properties.cmt,93578
2026-02-06T15:02:15Z,7e7d5d8c97a8904890a2adfd4ee81cb8faa20ab9,5357,size_in_bytes,lib/ocaml/compiler-libs/flambda2_terms__Call_kind.cmt,476400
2026-02-06T15:02:15Z,7e7d5d8c97a8904890a2adfd4ee81cb8faa20ab9,5357,size_in_bytes,lib/ocaml/compiler-libs/flambda2_simplify__Simplify_nullary_primitive.cmt,81977
2026-02-06T15:02:15Z,7e7d5d8c97a8904890a2adfd4ee81cb8faa20ab9,5357,size_in_bytes,lib/ocaml/compiler-libs/optlink.cmt,299203
2026-02-06T15:02:15Z,7e7d5d8c97a8904890a2adfd4ee81cb8faa20ab9,5357,size_in_bytes,lib/ocaml/compiler-libs/flambda2_reaper__Rebuilt_expr.cmt,74025
2026-02-06T15:02:15Z,7e7d5d8c97a8904890a2adfd4ee81cb8faa20ab9,5357,size_in_bytes,lib/ocaml/compiler-libs/flambda2_simplify__Rebuilt_expr.cmt,136737
2026-02-06T15:02:15Z,7e7d5d8c97a8904890a2adfd4ee81cb8faa20ab9,5357,size_in_bytes,lib/ocaml/compiler-libs/flambda2.cmt,230236
2026-02-06T15:02:15Z,7e7d5d8c97a8904890a2adfd4ee81cb8faa20ab9,5357,size_in_bytes,lib/ocaml/compiler-libs/printtyped.cmt,3164838
2026-02-06T15:02:15Z,7e7d5d8c97a8904890a2adfd4ee81cb8faa20ab9,5357,size_in_bytes,lib/ocaml/compiler-libs/opttopdirs.cmt,340861
2026-02-06T15:02:15Z,7e7d5d8c97a8904890a2adfd4ee81cb8faa20ab9,5357,size_in_bytes,lib/ocaml/compiler-libs/dwarf_low__Dwarf_4_range_list_entry.cmt,78666
2026-02-06T15:02:15Z,7e7d5d8c97a8904890a2adfd4ee81cb8faa20ab9,5357,size_in_bytes,lib/ocaml/compiler-libs/dwarf_low__Abbreviations_table_entry.cmt,49874
2026-02-06T15:02:15Z,7e7d5d8c97a8904890a2adfd4ee81cb8faa20ab9,5357,size_in_bytes,lib/ocaml/compiler-libs/profile.cmt,539027
2026-02-06T15:02:15Z,7e7d5d8c97a8904890a2adfd4ee81cb8faa20ab9,5357,size_in_bytes,lib/ocaml/compiler-libs/dwarf_low__Dwarf_tag.cmt,77306
2026-02-06T15:02:15Z,7e7d5d8c97a8904890a2adfd4ee81cb8faa20ab9,5357,size_in_bytes,lib/ocaml/compiler-libs/regalloc_irc_utils.cmt,123163
2026-02-06T15:02:15Z,7e7d5d8c97a8904890a2adfd4ee81cb8faa20ab9,5357,size_in_bytes,lib/ocaml/compiler-libs/select_utils.cmt,718539
2026-02-06T15:02:15Z,7e7d5d8c97a8904890a2adfd4ee81cb8faa20ab9,5357,size_in_bytes,lib/ocaml/compiler-libs/flambda2_nominal__Name_mode.cmt,297413
2026-02-06T15:02:15Z,7e7d5d8c97a8904890a2adfd4ee81cb8faa20ab9,5357,size_in_bytes,lib/ocaml/compiler-libs/flambda2_simplify__Dominator_graph.cmt,351107
2026-02-06T15:02:15Z,7e7d5d8c97a8904890a2adfd4ee81cb8faa20ab9,5357,size_in_bytes,lib/ocaml/compiler-libs/datarepr.cmt,260931
2026-02-06T15:02:15Z,7e7d5d8c97a8904890a2adfd4ee81cb8faa20ab9,5357,size_in_bytes,lib/ocaml/compiler-libs/vicuna_value_shapes.cmt,219511
2026-02-06T15:02:15Z,7e7d5d8c97a8904890a2adfd4ee81cb8faa20ab9,5357,size_in_bytes,lib/ocaml/compiler-libs/flambda2_datalog__Table.cmt,323980
2026-02-06T15:02:15Z,7e7d5d8c97a8904890a2adfd4ee81cb8faa20ab9,5357,size_in_bytes,lib/ocaml/compiler-libs/flambda2_simplify__Simplify_extcall.cmt,258332
2026-02-06T15:02:15Z,7e7d5d8c97a8904890a2adfd4ee81cb8faa20ab9,5357,size_in_bytes,lib/ocaml/compiler-libs/flambda2_to_cmm__To_cmm_expr.cmt,1501296
2026-02-06T15:02:15Z,7e7d5d8c97a8904890a2adfd4ee81cb8faa20ab9,5357,size_in_bytes,lib/ocaml/compiler-libs/typetexp.cmt,1989624
2026-02-06T15:02:15Z,7e7d5d8c97a8904890a2adfd4ee81cb8faa20ab9,5357,size_in_bytes,lib/ocaml/compiler-libs/regalloc_split_utils.cmt,122113
2026-02-06T15:02:15Z,7e7d5d8c97a8904890a2adfd4ee81cb8faa20ab9,5357,size_in_bytes,lib/ocaml/compiler-libs/flambda2_parser__Flambda_to_fexpr.cmt,855995
2026-02-06T15:02:15Z,7e7d5d8c97a8904890a2adfd4ee81cb8faa20ab9,5357,size_in_bytes,lib/ocaml/compiler-libs/cm_bundle.cmt,133443
2026-02-06T15:02:15Z,7e7d5d8c97a8904890a2adfd4ee81cb8faa20ab9,5357,size_in_bytes,lib/ocaml/compiler-libs/optcompile.cmt,309582
2026-02-06T15:02:15Z,7e7d5d8c97a8904890a2adfd4ee81cb8faa20ab9,5357,size_in_bytes,lib/ocaml/compiler-libs/flambda2_simplify__Simplify_apply_expr.cmt,1134739
2026-02-06T15:02:15Z,7e7d5d8c97a8904890a2adfd4ee81cb8faa20ab9,5357,size_in_bytes,lib/ocaml/compiler-libs/misc.cmt,3050083
2026-02-06T15:02:15Z,7e7d5d8c97a8904890a2adfd4ee81cb8faa20ab9,5357,size_in_bytes,lib/ocaml/compiler-libs/flambda2_terms__Function_decl_inlining_decision_type.cmt,240558
2026-02-06T15:02:15Z,7e7d5d8c97a8904890a2adfd4ee81cb8faa20ab9,5357,size_in_bytes,lib/ocaml/compiler-libs/flambda2_types__Binding_time.cmt,175607
2026-02-06T15:02:15Z,7e7d5d8c97a8904890a2adfd4ee81cb8faa20ab9,5357,size_in_bytes,lib/ocaml/compiler-libs/dll.cmt,147850
2026-02-06T15:02:15Z,7e7d5d8c97a8904890a2adfd4ee81cb8faa20ab9,5357,size_in_bytes,lib/ocaml/compiler-libs/debuginfo.cmt,416068
2026-02-06T15:02:15Z,7e7d5d8c97a8904890a2adfd4ee81cb8faa20ab9,5357,size_in_bytes,lib/ocaml/compiler-libs/cfg_stack_checks.cmt,145789
2026-02-06T15:02:15Z,7e7d5d8c97a8904890a2adfd4ee81cb8faa20ab9,5357,size_in_bytes,lib/ocaml/compiler-libs/flambda2_terms.cmt,35501
2026-02-06T15:02:15Z,7e7d5d8c97a8904890a2adfd4ee81cb8faa20ab9,5357,size_in_bytes,lib/ocaml/compiler-libs/target_system.cmt,84993
2026-02-06T15:02:15Z,7e7d5d8c97a8904890a2adfd4ee81cb8faa20ab9,5357,size_in_bytes,lib/ocaml/compiler-libs/zero_alloc_utils.cmt,213961
2026-02-06T15:02:15Z,7e7d5d8c97a8904890a2adfd4ee81cb8faa20ab9,5357,size_in_bytes,lib/ocaml/compiler-libs/typedtree.cmt,1059920
2026-02-06T15:02:15Z,7e7d5d8c97a8904890a2adfd4ee81cb8faa20ab9,5357,size_in_bytes,lib/ocaml/compiler-libs/flambda2_identifiers__Rec_info_expr0.cmt,175191
2026-02-06T15:02:15Z,7e7d5d8c97a8904890a2adfd4ee81cb8faa20ab9,5357,size_in_bytes,lib/ocaml/compiler-libs/regalloc_gi_state.cmt,56058
2026-02-06T15:02:15Z,7e7d5d8c97a8904890a2adfd4ee81cb8faa20ab9,5357,size_in_bytes,lib/ocaml/compiler-libs/dwarf_name_laundry.cmt,31981
2026-02-06T15:02:15Z,7e7d5d8c97a8904890a2adfd4ee81cb8faa20ab9,5357,size_in_bytes,lib/ocaml/compiler-libs/emit.cmt,3467028
2026-02-06T15:02:15Z,7e7d5d8c97a8904890a2adfd4ee81cb8faa20ab9,5357,size_in_bytes,lib/ocaml/compiler-libs/flambda2_types__Meet_and_n_way_join.cmt,3146312
2026-02-06T15:02:15Z,7e7d5d8c97a8904890a2adfd4ee81cb8faa20ab9,5357,size_in_bytes,lib/ocaml/compiler-libs/parmatch.cmt,2402005
2026-02-06T15:02:15Z,7e7d5d8c97a8904890a2adfd4ee81cb8faa20ab9,5357,size_in_bytes,lib/ocaml/compiler-libs/flambda2_nominal__Renaming.cmt,294981
2026-02-06T15:02:15Z,7e7d5d8c97a8904890a2adfd4ee81cb8faa20ab9,5357,size_in_bytes,lib/ocaml/compiler-libs/flambda2_simplify__Flow.cmt,20895
2026-02-06T15:02:15Z,7e7d5d8c97a8904890a2adfd4ee81cb8faa20ab9,5357,size_in_bytes,lib/ocaml/compiler-libs/trace.cmt,189319
2026-02-06T15:02:15Z,7e7d5d8c97a8904890a2adfd4ee81cb8faa20ab9,5357,size_in_bytes,lib/ocaml/compiler-libs/makedepend.cmt,828978
2026-02-06T15:02:15Z,7e7d5d8c97a8904890a2adfd4ee81cb8faa20ab9,5357,size_in_bytes,lib/ocaml/compiler-libs/zero_alloc.cmt,179473
2026-02-06T15:02:15Z,7e7d5d8c97a8904890a2adfd4ee81cb8faa20ab9,5357,size_in_bytes,lib/ocaml/compiler-libs/compmisc.cmt,131497
2026-02-06T15:02:15Z,7e7d5d8c97a8904890a2adfd4ee81cb8faa20ab9,5357,size_in_bytes,lib/ocaml/compiler-libs/flambda2_terms__Effects.cmt,46030
2026-02-06T15:02:15Z,7e7d5d8c97a8904890a2adfd4ee81cb8faa20ab9,5357,size_in_bytes,lib/ocaml/compiler-libs/rewrite_sections.cmt,356602
2026-02-06T15:02:15Z,7e7d5d8c97a8904890a2adfd4ee81cb8faa20ab9,5357,size_in_bytes,lib/ocaml/compiler-libs/slambda.cmt,12308
2026-02-06T15:02:15Z,7e7d5d8c97a8904890a2adfd4ee81cb8faa20ab9,5357,size_in_bytes,lib/ocaml/compiler-libs/dwarf_low__Range_list_entry.cmt,26346
2026-02-06T15:02:15Z,7e7d5d8c97a8904890a2adfd4ee81cb8faa20ab9,5357,size_in_bytes,lib/ocaml/compiler-libs/flambda2_numbers__One_bit_fewer.cmt,133695
2026-02-06T15:02:15Z,7e7d5d8c97a8904890a2adfd4ee81cb8faa20ab9,5357,size_in_bytes,lib/ocaml/compiler-libs/flambda2_simplify__Control_flow_graph.cmt,430478
2026-02-06T15:02:15Z,7e7d5d8c97a8904890a2adfd4ee81cb8faa20ab9,5357,size_in_bytes,lib/ocaml/compiler-libs/flambda2_to_cmm__To_cmm_effects.cmt,64334
2026-02-06T15:02:15Z,7e7d5d8c97a8904890a2adfd4ee81cb8faa20ab9,5357,size_in_bytes,lib/ocaml/compiler-libs/includemod_errorprinter.cmt,1571398
2026-02-06T15:02:15Z,7e7d5d8c97a8904890a2adfd4ee81cb8faa20ab9,5357,size_in_bytes,lib/ocaml/compiler-libs/build_path_prefix_map.cmt,131107
2026-02-06T15:02:15Z,7e7d5d8c97a8904890a2adfd4ee81cb8faa20ab9,5357,size_in_bytes,lib/ocaml/compiler-libs/zero_alloc_annotations.cmt,40772
2026-02-06T15:02:15Z,7e7d5d8c97a8904890a2adfd4ee81cb8faa20ab9,5357,size_in_bytes,lib/ocaml/compiler-libs/flambda2_nominal.cmt,13988
2026-02-06T15:02:15Z,7e7d5d8c97a8904890a2adfd4ee81cb8faa20ab9,5357,size_in_bytes,lib/ocaml/compiler-libs/flambda2_terms__Loopify_attribute.cmt,35280
2026-02-06T15:02:15Z,7e7d5d8c97a8904890a2adfd4ee81cb8faa20ab9,5357,size_in_bytes,lib/ocaml/compiler-libs/flambda2_types__With_cached_free_names.cmt,66332
2026-02-06T15:02:15Z,7e7d5d8c97a8904890a2adfd4ee81cb8faa20ab9,5357,size_in_bytes,lib/ocaml/compiler-libs/diffing_with_keys.cmt,237447
2026-02-06T15:02:15Z,7e7d5d8c97a8904890a2adfd4ee81cb8faa20ab9,5357,size_in_bytes,lib/ocaml/compiler-libs/dwarf_low__Encoding_attribute.cmt,21097
2026-02-06T15:02:15Z,7e7d5d8c97a8904890a2adfd4ee81cb8faa20ab9,5357,size_in_bytes,lib/ocaml/compiler-libs/optpackager.cmt,287547
2026-02-06T15:02:15Z,7e7d5d8c97a8904890a2adfd4ee81cb8faa20ab9,5357,size_in_bytes,lib/ocaml/compiler-libs/x86_binary_emitter.cmt,2257397
2026-02-06T15:02:15Z,7e7d5d8c97a8904890a2adfd4ee81cb8faa20ab9,5357,size_in_bytes,lib/ocaml/compiler-libs/flambda2_identifiers__Coercion0.cmt,89359
2026-02-06T15:02:15Z,7e7d5d8c97a8904890a2adfd4ee81cb8faa20ab9,5357,size_in_bytes,lib/ocaml/compiler-libs/flambda2_parser__Fexpr_to_flambda.cmt,720406
2026-02-06T15:02:15Z,7e7d5d8c97a8904890a2adfd4ee81cb8faa20ab9,5357,size_in_bytes,lib/ocaml/compiler-libs/flambda2_simplify__Original_handlers.cmt,90419
2026-02-06T15:02:15Z,7e7d5d8c97a8904890a2adfd4ee81cb8faa20ab9,5357,size_in_bytes,lib/ocaml/compiler-libs/flambda2_terms__Static_const.cmt,980656
2026-02-06T15:02:15Z,7e7d5d8c97a8904890a2adfd4ee81cb8faa20ab9,5357,size_in_bytes,lib/ocaml/compiler-libs/cfg_selectgen.cmt,1844055
2026-02-06T15:02:15Z,7e7d5d8c97a8904890a2adfd4ee81cb8faa20ab9,5357,size_in_bytes,lib/ocaml/compiler-libs/flambda2_types__Join_levels_old.cmt,255966
2026-02-06T15:02:15Z,7e7d5d8c97a8904890a2adfd4ee81cb8faa20ab9,5357,size_in_bytes,lib/ocaml/compiler-libs/cmm_peephole_engine.cmt,367247
2026-02-06T15:02:15Z,7e7d5d8c97a8904890a2adfd4ee81cb8faa20ab9,5357,size_in_bytes,lib/ocaml/compiler-libs/flambda2_kinds__Flambda_kind.cmt,1729063
2026-02-06T15:02:15Z,7e7d5d8c97a8904890a2adfd4ee81cb8faa20ab9,5357,size_in_bytes,lib/ocaml/compiler-libs/flambda2_simplify__Inlining_transforms.cmt,170892
2026-02-06T15:02:15Z,7e7d5d8c97a8904890a2adfd4ee81cb8faa20ab9,5357,size_in_bytes,lib/ocaml/compiler-libs/flambda2_reaper__Dep_solver.cmt,4467814
2026-02-06T15:02:15Z,7e7d5d8c97a8904890a2adfd4ee81cb8faa20ab9,5357,size_in_bytes,lib/ocaml/compiler-libs/btype.cmt,2022140
2026-02-06T15:02:15Z,7e7d5d8c97a8904890a2adfd4ee81cb8faa20ab9,5357,size_in_bytes,lib/ocaml/compiler-libs/cmm_builtins.cmt,1852491
2026-02-06T15:02:15Z,7e7d5d8c97a8904890a2adfd4ee81cb8faa20ab9,5357,size_in_bytes,lib/ocaml/compiler-libs/ast_mapper.cmt,2041404
2026-02-06T15:02:15Z,7e7d5d8c97a8904890a2adfd4ee81cb8faa20ab9,5357,size_in_bytes,lib/ocaml/compiler-libs/uniqueness_analysis.cmt,2605823
2026-02-06T15:02:15Z,7e7d5d8c97a8904890a2adfd4ee81cb8faa20ab9,5357,size_in_bytes,lib/ocaml/compiler-libs/translprim.cmt,2272653
2026-02-06T15:02:15Z,7e7d5d8c97a8904890a2adfd4ee81cb8faa20ab9,5357,size_in_bytes,lib/ocaml/compiler-libs/flambda2_lattices__Or_unknown.cmt,222352
2026-02-06T15:02:15Z,7e7d5d8c97a8904890a2adfd4ee81cb8faa20ab9,5357,size_in_bytes,lib/ocaml/compiler-libs/flambda2_nominal__Contains_ids.cmt,19031
2026-02-06T15:02:15Z,7e7d5d8c97a8904890a2adfd4ee81cb8faa20ab9,5357,size_in_bytes,lib/ocaml/str/str.cmt,997040
2026-02-06T15:02:15Z,7e7d5d8c97a8904890a2adfd4ee81cb8faa20ab9,5357,size_in_bytes,lib/ocaml/camlinternalAtomic.cmti,15145
2026-02-06T15:02:15Z,7e7d5d8c97a8904890a2adfd4ee81cb8faa20ab9,5357,size_in_bytes,lib/ocaml/stdlib__Printexc.cmti,75546
2026-02-06T15:02:15Z,7e7d5d8c97a8904890a2adfd4ee81cb8faa20ab9,5357,size_in_bytes,lib/ocaml/stdlib__Weak.cmti,56731
2026-02-06T15:02:15Z,7e7d5d8c97a8904890a2adfd4ee81cb8faa20ab9,5357,size_in_bytes,lib/ocaml/stdlib__Gc.cmti,124020
2026-02-06T15:02:15Z,7e7d5d8c97a8904890a2adfd4ee81cb8faa20ab9,5357,size_in_bytes,lib/ocaml/gc_timings.cmti,9185
2026-02-06T15:02:15Z,7e7d5d8c97a8904890a2adfd4ee81cb8faa20ab9,5357,size_in_bytes,lib/ocaml/stdlib__Modes.cmti,21725
2026-02-06T15:02:15Z,7e7d5d8c97a8904890a2adfd4ee81cb8faa20ab9,5357,size_in_bytes,lib/ocaml/stdlib__BytesLabels.cmti,177050
2026-02-06T15:02:15Z,7e7d5d8c97a8904890a2adfd4ee81cb8faa20ab9,5357,size_in_bytes,lib/ocaml/opttopdirs.cmti,22603
2026-02-06T15:02:15Z,7e7d5d8c97a8904890a2adfd4ee81cb8faa20ab9,5357,size_in_bytes,lib/ocaml/stdlib__Int32.cmti,60167
2026-02-06T15:02:15Z,7e7d5d8c97a8904890a2adfd4ee81cb8faa20ab9,5357,size_in_bytes,lib/ocaml/stdlib__Digest.cmti,63820
2026-02-06T15:02:15Z,7e7d5d8c97a8904890a2adfd4ee81cb8faa20ab9,5357,size_in_bytes,lib/ocaml/stdlib__Marshal.cmti,38459
2026-02-06T15:02:15Z,7e7d5d8c97a8904890a2adfd4ee81cb8faa20ab9,5357,size_in_bytes,lib/ocaml/stdlib__Bigarray.cmti,321358
2026-02-06T15:02:15Z,7e7d5d8c97a8904890a2adfd4ee81cb8faa20ab9,5357,size_in_bytes,lib/ocaml/compiler_owee__Owee_archive.cmti,22490
2026-02-06T15:02:15Z,7e7d5d8c97a8904890a2adfd4ee81cb8faa20ab9,5357,size_in_bytes,lib/ocaml/stdlib__Option.cmti,34192
2026-02-06T15:02:15Z,7e7d5d8c97a8904890a2adfd4ee81cb8faa20ab9,5357,size_in_bytes,lib/ocaml/stdlib__Random.cmti,62620
2026-02-06T15:02:15Z,7e7d5d8c97a8904890a2adfd4ee81cb8faa20ab9,5357,size_in_bytes,lib/ocaml/stdlib__Format.cmti,319190
2026-02-06T15:02:15Z,7e7d5d8c97a8904890a2adfd4ee81cb8faa20ab9,5357,size_in_bytes,lib/ocaml/compiler_owee__Owee_elf.cmti,86892
2026-02-06T15:02:15Z,7e7d5d8c97a8904890a2adfd4ee81cb8faa20ab9,5357,size_in_bytes,lib/ocaml/compiler_owee__Owee_marker.cmti,52859
2026-02-06T15:02:15Z,7e7d5d8c97a8904890a2adfd4ee81cb8faa20ab9,5357,size_in_bytes,lib/ocaml/compiler_owee__Owee_buf.cmti,48063
2026-02-06T15:02:15Z,7e7d5d8c97a8904890a2adfd4ee81cb8faa20ab9,5357,size_in_bytes,lib/ocaml/stdlib__StdLabels.cmti,11811
2026-02-06T15:02:15Z,7e7d5d8c97a8904890a2adfd4ee81cb8faa20ab9,5357,size_in_bytes,lib/ocaml/stdlib__Bool.cmti,21881
2026-02-06T15:02:15Z,7e7d5d8c97a8904890a2adfd4ee81cb8faa20ab9,5357,size_in_bytes,lib/ocaml/stdlib__Condition.cmti,26755
2026-02-06T15:02:15Z,7e7d5d8c97a8904890a2adfd4ee81cb8faa20ab9,5357,size_in_bytes,lib/ocaml/stdlib__Parsing.cmti,33001
2026-02-06T15:02:15Z,7e7d5d8c97a8904890a2adfd4ee81cb8faa20ab9,5357,size_in_bytes,lib/ocaml/stdlib__Callback.cmti,17064
2026-02-06T15:02:15Z,7e7d5d8c97a8904890a2adfd4ee81cb8faa20ab9,5357,size_in_bytes,lib/ocaml/stdlib__Char.cmti,20617
2026-02-06T15:02:15Z,7e7d5d8c97a8904890a2adfd4ee81cb8faa20ab9,5357,size_in_bytes,lib/ocaml/compiler_owee__Owee_traverse.cmti,14243
2026-02-06T15:02:15Z,7e7d5d8c97a8904890a2adfd4ee81cb8faa20ab9,5357,size_in_bytes,lib/ocaml/stdlib__Unit.cmti,12906
2026-02-06T15:02:15Z,7e7d5d8c97a8904890a2adfd4ee81cb8faa20ab9,5357,size_in_bytes,lib/ocaml/stdlib__Dynarray.cmti,106892
2026-02-06T15:02:15Z,7e7d5d8c97a8904890a2adfd4ee81cb8faa20ab9,5357,size_in_bytes,lib/ocaml/stdlib__ArrayLabels.cmti,124824
2026-02-06T15:02:15Z,7e7d5d8c97a8904890a2adfd4ee81cb8faa20ab9,5357,size_in_bytes,lib/ocaml/camlinternalLazy.cmti,11849
2026-02-06T15:02:15Z,7e7d5d8c97a8904890a2adfd4ee81cb8faa20ab9,5357,size_in_bytes,lib/ocaml/stdlib__Set.cmti,132451
2026-02-06T15:02:15Z,7e7d5d8c97a8904890a2adfd4ee81cb8faa20ab9,5357,size_in_bytes,lib/ocaml/stdlib__Int.cmti,44015
2026-02-06T15:02:15Z,7e7d5d8c97a8904890a2adfd4ee81cb8faa20ab9,5357,size_in_bytes,lib/ocaml/compiler_owee__Owee_elf_notes.cmti,24985
2026-02-06T15:02:15Z,7e7d5d8c97a8904890a2adfd4ee81cb8faa20ab9,5357,size_in_bytes,lib/ocaml/stdlib__Effect.cmti,48172
2026-02-06T15:02:15Z,7e7d5d8c97a8904890a2adfd4ee81cb8faa20ab9,5357,size_in_bytes,lib/ocaml/compiler_owee__Owee_macho.cmti,108611
2026-02-06T15:02:15Z,7e7d5d8c97a8904890a2adfd4ee81cb8faa20ab9,5357,size_in_bytes,lib/ocaml/stdlib__Array.cmti,124196
2026-02-06T15:02:15Z,7e7d5d8c97a8904890a2adfd4ee81cb8faa20ab9,5357,size_in_bytes,lib/ocaml/stdlib__Domain.cmti,67388
2026-02-06T15:02:15Z,7e7d5d8c97a8904890a2adfd4ee81cb8faa20ab9,5357,size_in_bytes,lib/ocaml/stdlib__Semaphore.cmti,25851
2026-02-06T15:02:15Z,7e7d5d8c97a8904890a2adfd4ee81cb8faa20ab9,5357,size_in_bytes,lib/ocaml/stdlib__Ephemeron.cmti,282471
2026-02-06T15:02:15Z,7e7d5d8c97a8904890a2adfd4ee81cb8faa20ab9,5357,size_in_bytes,lib/ocaml/stdlib__Uchar.cmti,33328
2026-02-06T15:02:15Z,7e7d5d8c97a8904890a2adfd4ee81cb8faa20ab9,5357,size_in_bytes,lib/ocaml/stdlib__List.cmti,142114
2026-02-06T15:02:15Z,7e7d5d8c97a8904890a2adfd4ee81cb8faa20ab9,5357,size_in_bytes,lib/ocaml/camlinternalComprehension.cmti,20354
2026-02-06T15:02:15Z,7e7d5d8c97a8904890a2adfd4ee81cb8faa20ab9,5357,size_in_bytes,lib/ocaml/stdlib__Arg.cmti,62088
2026-02-06T15:02:15Z,7e7d5d8c97a8904890a2adfd4ee81cb8faa20ab9,5357,size_in_bytes,lib/ocaml/stdlib__String.cmti,113482
2026-02-06T15:02:15Z,7e7d5d8c97a8904890a2adfd4ee81cb8faa20ab9,5357,size_in_bytes,lib/ocaml/stdlib__ListLabels.cmti,142633
2026-02-06T15:02:15Z,7e7d5d8c97a8904890a2adfd4ee81cb8faa20ab9,5357,size_in_bytes,lib/ocaml/stdlib__Sys.cmti,102148
2026-02-06T15:02:15Z,7e7d5d8c97a8904890a2adfd4ee81cb8faa20ab9,5357,size_in_bytes,lib/ocaml/stdlib__Stack.cmti,32275
2026-02-06T15:02:15Z,7e7d5d8c97a8904890a2adfd4ee81cb8faa20ab9,5357,size_in_bytes,lib/ocaml/camlinternalFormat.cmti,66096
2026-02-06T15:02:15Z,7e7d5d8c97a8904890a2adfd4ee81cb8faa20ab9,5357,size_in_bytes,lib/ocaml/stdlib__Backoff.cmti,15990
2026-02-06T15:02:15Z,7e7d5d8c97a8904890a2adfd4ee81cb8faa20ab9,5357,size_in_bytes,lib/ocaml/stdlib__Out_channel.cmti,52563
2026-02-06T15:02:15Z,7e7d5d8c97a8904890a2adfd4ee81cb8faa20ab9,5357,size_in_bytes,lib/ocaml/camlinternalOO.cmti,62044
2026-02-06T15:02:15Z,7e7d5d8c97a8904890a2adfd4ee81cb8faa20ab9,5357,size_in_bytes,lib/ocaml/stdlib__StringLabels.cmti,113915
2026-02-06T15:02:15Z,7e7d5d8c97a8904890a2adfd4ee81cb8faa20ab9,5357,size_in_bytes,lib/ocaml/stdlib__Lazy.cmti,26619
2026-02-06T15:02:15Z,7e7d5d8c97a8904890a2adfd4ee81cb8faa20ab9,5357,size_in_bytes,lib/ocaml/compiler_owee__Owee_linux_maps.cmti,16175
2026-02-06T15:02:15Z,7e7d5d8c97a8904890a2adfd4ee81cb8faa20ab9,5357,size_in_bytes,lib/ocaml/stdlib__Printf.cmti,44993
2026-02-06T15:02:15Z,7e7d5d8c97a8904890a2adfd4ee81cb8faa20ab9,5357,size_in_bytes,lib/ocaml/compiler_owee__Owee_interval_map.cmti,16135
2026-02-06T15:02:15Z,7e7d5d8c97a8904890a2adfd4ee81cb8faa20ab9,5357,size_in_bytes,lib/ocaml/camlinternalFormatBasics.cmti,202465
2026-02-06T15:02:15Z,7e7d5d8c97a8904890a2adfd4ee81cb8faa20ab9,5357,size_in_bytes,lib/ocaml/topdirs.cmti,20838
2026-02-06T15:02:15Z,7e7d5d8c97a8904890a2adfd4ee81cb8faa20ab9,5357,size_in_bytes,lib/ocaml/stdlib__Map.cmti,172790
2026-02-06T15:02:15Z,7e7d5d8c97a8904890a2adfd4ee81cb8faa20ab9,5357,size_in_bytes,lib/ocaml/stdlib__Atomic.cmti,60366
2026-02-06T15:02:15Z,7e7d5d8c97a8904890a2adfd4ee81cb8faa20ab9,5357,size_in_bytes,lib/ocaml/stdlib__Seq.cmti,154520
2026-02-06T15:02:15Z,7e7d5d8c97a8904890a2adfd4ee81cb8faa20ab9,5357,size_in_bytes,lib/ocaml/stdlib__Oo.cmti,14233
2026-02-06T15:02:15Z,7e7d5d8c97a8904890a2adfd4ee81cb8faa20ab9,5357,size_in_bytes,lib/ocaml/compiler_owee__Owee_elf_relocation.cmti,52578
2026-02-06T15:02:15Z,7e7d5d8c97a8904890a2adfd4ee81cb8faa20ab9,5357,size_in_bytes,lib/ocaml/stdlib__Mutex.cmti,17421
2026-02-06T15:02:15Z,7e7d5d8c97a8904890a2adfd4ee81cb8faa20ab9,5357,size_in_bytes,lib/ocaml/stdlib__Fun.cmti,22387
2026-02-06T15:02:15Z,7e7d5d8c97a8904890a2adfd4ee81cb8faa20ab9,5357,size_in_bytes,lib/ocaml/compiler_owee__Owee_object.cmti,24483
2026-02-06T15:02:15Z,7e7d5d8c97a8904890a2adfd4ee81cb8faa20ab9,5357,size_in_bytes,lib/ocaml/compiler_owee__Owee_elf_string_table.cmti,14567
2026-02-06T15:02:15Z,7e7d5d8c97a8904890a2adfd4ee81cb8faa20ab9,5357,size_in_bytes,lib/ocaml/stdlib__Type.cmti,21350
2026-02-06T15:02:15Z,7e7d5d8c97a8904890a2adfd4ee81cb8faa20ab9,5357,size_in_bytes,lib/ocaml/stdlib__MoreLabels.cmti,544160
2026-02-06T15:02:15Z,7e7d5d8c97a8904890a2adfd4ee81cb8faa20ab9,5357,size_in_bytes,lib/ocaml/compiler_owee__Owee_location.cmti,16097
2026-02-06T15:02:15Z,7e7d5d8c97a8904890a2adfd4ee81cb8faa20ab9,5357,size_in_bytes,lib/ocaml/stdlib__Scanf.cmti,92715
2026-02-06T15:02:15Z,7e7d5d8c97a8904890a2adfd4ee81cb8faa20ab9,5357,size_in_bytes,lib/ocaml/stdlib__Lexing.cmti,54413
2026-02-06T15:02:15Z,7e7d5d8c97a8904890a2adfd4ee81cb8faa20ab9,5357,size_in_bytes,lib/ocaml/camlinternalQuote.cmti,273419
2026-02-06T15:02:15Z,7e7d5d8c97a8904890a2adfd4ee81cb8faa20ab9,5357,size_in_bytes,lib/ocaml/stdlib__Filename.cmti,45876
2026-02-06T15:02:15Z,7e7d5d8c97a8904890a2adfd4ee81cb8faa20ab9,5357,size_in_bytes,lib/ocaml/stdlib__Complex.cmti,26604
2026-02-06T15:02:15Z,7e7d5d8c97a8904890a2adfd4ee81cb8faa20ab9,5357,size_in_bytes,lib/ocaml/stdlib__Either.cmti,40642
2026-02-06T15:02:15Z,7e7d5d8c97a8904890a2adfd4ee81cb8faa20ab9,5357,size_in_bytes,lib/ocaml/stdlib__Buffer.cmti,70151
2026-02-06T15:02:15Z,7e7d5d8c97a8904890a2adfd4ee81cb8faa20ab9,5357,size_in_bytes,lib/ocaml/stdlib__Float.cmti,299164
2026-02-06T15:02:15Z,7e7d5d8c97a8904890a2adfd4ee81cb8faa20ab9,5357,size_in_bytes,lib/ocaml/stdlib__Quote.cmti,19148
2026-02-06T15:02:15Z,7e7d5d8c97a8904890a2adfd4ee81cb8faa20ab9,5357,size_in_bytes,lib/ocaml/stdlib__Queue.cmti,41283
2026-02-06T15:02:15Z,7e7d5d8c97a8904890a2adfd4ee81cb8faa20ab9,5357,size_in_bytes,lib/ocaml/compiler_owee__Owee_debug_line.cmti,22892
2026-02-06T15:02:15Z,7e7d5d8c97a8904890a2adfd4ee81cb8faa20ab9,5357,size_in_bytes,lib/ocaml/stdlib__Hashtbl.cmti,221520
2026-02-06T15:02:15Z,7e7d5d8c97a8904890a2adfd4ee81cb8faa20ab9,5357,size_in_bytes,lib/ocaml/stdlib.cmti,359640
2026-02-06T15:02:15Z,7e7d5d8c97a8904890a2adfd4ee81cb8faa20ab9,5357,size_in_bytes,lib/ocaml/camlinternaleval.cmti,22759
2026-02-06T15:02:15Z,7e7d5d8c97a8904890a2adfd4ee81cb8faa20ab9,5357,size_in_bytes,lib/ocaml/stdlib__Obj.cmti,71349
2026-02-06T15:02:15Z,7e7d5d8c97a8904890a2adfd4ee81cb8faa20ab9,5357,size_in_bytes,lib/ocaml/stdlib__Int64.cmti,65051
2026-02-06T15:02:15Z,7e7d5d8c97a8904890a2adfd4ee81cb8faa20ab9,5357,size_in_bytes,lib/ocaml/stdlib__Bytes.cmti,176394
2026-02-06T15:02:15Z,7e7d5d8c97a8904890a2adfd4ee81cb8faa20ab9,5357,size_in_bytes,lib/ocaml/stdlib__In_channel.cmti,56786
2026-02-06T15:02:15Z,7e7d5d8c97a8904890a2adfd4ee81cb8faa20ab9,5357,size_in_bytes,lib/ocaml/stdlib__Nativeint.cmti,61218
2026-02-06T15:02:15Z,7e7d5d8c97a8904890a2adfd4ee81cb8faa20ab9,5357,size_in_bytes,lib/ocaml/compiler_owee__Owee_form.cmti,14121
2026-02-06T15:02:15Z,7e7d5d8c97a8904890a2adfd4ee81cb8faa20ab9,5357,size_in_bytes,lib/ocaml/camlinternalMod.cmti,13226
2026-02-06T15:02:15Z,7e7d5d8c97a8904890a2adfd4ee81cb8faa20ab9,5357,size_in_bytes,lib/ocaml/stdlib__Result.cmti,45093
2026-02-06T15:02:15Z,7e7d5d8c97a8904890a2adfd4ee81cb8faa20ab9,5357,size_in_bytes,lib/ocaml/stdlib_upstream_compatible/stdlib_upstream_compatible.cmti,8519
2026-02-06T15:02:15Z,7e7d5d8c97a8904890a2adfd4ee81cb8faa20ab9,5357,size_in_bytes,lib/ocaml/stdlib_upstream_compatible/stdlib_upstream_compatible__Int32_u.cmti,50758
2026-02-06T15:02:15Z,7e7d5d8c97a8904890a2adfd4ee81cb8faa20ab9,5357,size_in_bytes,lib/ocaml/stdlib_upstream_compatible/stdlib_upstream_compatible__Float_u.cmti,82022
2026-02-06T15:02:15Z,7e7d5d8c97a8904890a2adfd4ee81cb8faa20ab9,5357,size_in_bytes,lib/ocaml/stdlib_upstream_compatible/stdlib_upstream_compatible__Nativeint_u.cmti,53993
2026-02-06T15:02:15Z,7e7d5d8c97a8904890a2adfd4ee81cb8faa20ab9,5357,size_in_bytes,lib/ocaml/stdlib_upstream_compatible/stdlib_upstream_compatible__Int64_u.cmti,59483
2026-02-06T15:02:15Z,7e7d5d8c97a8904890a2adfd4ee81cb8faa20ab9,5357,size_in_bytes,lib/ocaml/unix/unixLabels.cmti,466299
2026-02-06T15:02:15Z,7e7d5d8c97a8904890a2adfd4ee81cb8faa20ab9,5357,size_in_bytes,lib/ocaml/unix/unix.cmti,454690
2026-02-06T15:02:15Z,7e7d5d8c97a8904890a2adfd4ee81cb8faa20ab9,5357,size_in_bytes,lib/ocaml/stdlib_alpha/stdlib_alpha.cmti,7968
2026-02-06T15:02:15Z,7e7d5d8c97a8904890a2adfd4ee81cb8faa20ab9,5357,size_in_bytes,lib/ocaml/ocaml-jit/jit.cmti,30093
2026-02-06T15:02:15Z,7e7d5d8c97a8904890a2adfd4ee81cb8faa20ab9,5357,size_in_bytes,lib/ocaml/stdlib_beta/stdlib_beta.cmti,7182
2026-02-06T15:02:15Z,7e7d5d8c97a8904890a2adfd4ee81cb8faa20ab9,5357,size_in_bytes,lib/ocaml/stdlib_stable/stdlib_stable__Char_u.cmti,21953
2026-02-06T15:02:15Z,7e7d5d8c97a8904890a2adfd4ee81cb8faa20ab9,5357,size_in_bytes,lib/ocaml/stdlib_stable/stdlib_stable__Int16_u.cmti,54745
2026-02-06T15:02:15Z,7e7d5d8c97a8904890a2adfd4ee81cb8faa20ab9,5357,size_in_bytes,lib/ocaml/stdlib_stable/stdlib_stable__Int_u.cmti,52657
2026-02-06T15:02:15Z,7e7d5d8c97a8904890a2adfd4ee81cb8faa20ab9,5357,size_in_bytes,lib/ocaml/stdlib_stable/stdlib_stable__Float32_u.cmti,155781
2026-02-06T15:02:15Z,7e7d5d8c97a8904890a2adfd4ee81cb8faa20ab9,5357,size_in_bytes,lib/ocaml/stdlib_stable/stdlib_stable__Iarray.cmti,196322
2026-02-06T15:02:15Z,7e7d5d8c97a8904890a2adfd4ee81cb8faa20ab9,5357,size_in_bytes,lib/ocaml/stdlib_stable/stdlib_stable.cmti,12317
2026-02-06T15:02:15Z,7e7d5d8c97a8904890a2adfd4ee81cb8faa20ab9,5357,size_in_bytes,lib/ocaml/stdlib_stable/stdlib_stable__IarrayLabels.cmti,197665
2026-02-06T15:02:15Z,7e7d5d8c97a8904890a2adfd4ee81cb8faa20ab9,5357,size_in_bytes,lib/ocaml/stdlib_stable/stdlib_stable__Or_null.cmti,34455
2026-02-06T15:02:15Z,7e7d5d8c97a8904890a2adfd4ee81cb8faa20ab9,5357,size_in_bytes,lib/ocaml/stdlib_stable/stdlib_stable__Idx_imm.cmti,12123
2026-02-06T15:02:15Z,7e7d5d8c97a8904890a2adfd4ee81cb8faa20ab9,5357,size_in_bytes,lib/ocaml/stdlib_stable/stdlib_stable__Int16.cmti,51136
2026-02-06T15:02:15Z,7e7d5d8c97a8904890a2adfd4ee81cb8faa20ab9,5357,size_in_bytes,lib/ocaml/stdlib_stable/stdlib_stable__Int8.cmti,50934
2026-02-06T15:02:15Z,7e7d5d8c97a8904890a2adfd4ee81cb8faa20ab9,5357,size_in_bytes,lib/ocaml/stdlib_stable/stdlib_stable__Idx_mut.cmti,14686
2026-02-06T15:02:15Z,7e7d5d8c97a8904890a2adfd4ee81cb8faa20ab9,5357,size_in_bytes,lib/ocaml/stdlib_stable/stdlib_stable__Float32.cmti,194308
2026-02-06T15:02:15Z,7e7d5d8c97a8904890a2adfd4ee81cb8faa20ab9,5357,size_in_bytes,lib/ocaml/stdlib_stable/stdlib_stable__Int8_u.cmti,54533
2026-02-06T15:02:15Z,7e7d5d8c97a8904890a2adfd4ee81cb8faa20ab9,5357,size_in_bytes,lib/ocaml/stdlib_stable/stdlib_stable__Int.cmti,51793
2026-02-06T15:02:15Z,7e7d5d8c97a8904890a2adfd4ee81cb8faa20ab9,5357,size_in_bytes,lib/ocaml/dynlink/dynlink.cmti,40044
2026-02-06T15:02:15Z,7e7d5d8c97a8904890a2adfd4ee81cb8faa20ab9,5357,size_in_bytes,lib/ocaml/threads/thread.cmti,51635
2026-02-06T15:02:15Z,7e7d5d8c97a8904890a2adfd4ee81cb8faa20ab9,5357,size_in_bytes,lib/ocaml/threads/multicore.cmti,18739
2026-02-06T15:02:15Z,7e7d5d8c97a8904890a2adfd4ee81cb8faa20ab9,5357,size_in_bytes,lib/ocaml/threads/event.cmti,26342
2026-02-06T15:02:15Z,7e7d5d8c97a8904890a2adfd4ee81cb8faa20ab9,5357,size_in_bytes,lib/ocaml/compiler-libs/typedtree.cmti,485289
2026-02-06T15:02:15Z,7e7d5d8c97a8904890a2adfd4ee81cb8faa20ab9,5357,size_in_bytes,lib/ocaml/compiler-libs/flambda2_term_basics__Unit.cmti,147732
2026-02-06T15:02:15Z,7e7d5d8c97a8904890a2adfd4ee81cb8faa20ab9,5357,size_in_bytes,lib/ocaml/compiler-libs/typeopt.cmti,42010
2026-02-06T15:02:15Z,7e7d5d8c97a8904890a2adfd4ee81cb8faa20ab9,5357,size_in_bytes,lib/ocaml/compiler-libs/iplt.cmti,30779
2026-02-06T15:02:15Z,7e7d5d8c97a8904890a2adfd4ee81cb8faa20ab9,5357,size_in_bytes,lib/ocaml/compiler-libs/translcore.cmti,34628
2026-02-06T15:02:15Z,7e7d5d8c97a8904890a2adfd4ee81cb8faa20ab9,5357,size_in_bytes,lib/ocaml/compiler-libs/printast.cmti,22085
2026-02-06T15:02:15Z,7e7d5d8c97a8904890a2adfd4ee81cb8faa20ab9,5357,size_in_bytes,lib/ocaml/compiler-libs/flambda2_simplify__Named_rewrite.cmti,31746
2026-02-06T15:02:15Z,7e7d5d8c97a8904890a2adfd4ee81cb8faa20ab9,5357,size_in_bytes,lib/ocaml/compiler-libs/flambda2_cmx__Flambda_cmx_format.cmti,38388
2026-02-06T15:02:15Z,7e7d5d8c97a8904890a2adfd4ee81cb8faa20ab9,5357,size_in_bytes,lib/ocaml/compiler-libs/flambda2_simplify__Upwards_env.cmti,48863
2026-02-06T15:02:15Z,7e7d5d8c97a8904890a2adfd4ee81cb8faa20ab9,5357,size_in_bytes,lib/ocaml/compiler-libs/opttoploop.cmti,78247
2026-02-06T15:02:15Z,7e7d5d8c97a8904890a2adfd4ee81cb8faa20ab9,5357,size_in_bytes,lib/ocaml/compiler-libs/cfg_invariants.cmti,31433
2026-02-06T15:02:15Z,7e7d5d8c97a8904890a2adfd4ee81cb8faa20ab9,5357,size_in_bytes,lib/ocaml/compiler-libs/flambda2_cmx__Exported_code.cmti,48273
2026-02-06T15:02:15Z,7e7d5d8c97a8904890a2adfd4ee81cb8faa20ab9,5357,size_in_bytes,lib/ocaml/compiler-libs/typedecl_separability.cmti,29717
2026-02-06T15:02:15Z,7e7d5d8c97a8904890a2adfd4ee81cb8faa20ab9,5357,size_in_bytes,lib/ocaml/compiler-libs/flambda2_identifiers__Named_rewrite_id.cmti,137676
2026-02-06T15:02:15Z,7e7d5d8c97a8904890a2adfd4ee81cb8faa20ab9,5357,size_in_bytes,lib/ocaml/compiler-libs/sub_cfg.cmti,53415
2026-02-06T15:02:15Z,7e7d5d8c97a8904890a2adfd4ee81cb8faa20ab9,5357,size_in_bytes,lib/ocaml/compiler-libs/flambda2_bound_identifiers__Bound_static.cmti,38671
2026-02-06T15:02:15Z,7e7d5d8c97a8904890a2adfd4ee81cb8faa20ab9,5357,size_in_bytes,lib/ocaml/compiler-libs/ast_invariants.cmti,11255
2026-02-06T15:02:15Z,7e7d5d8c97a8904890a2adfd4ee81cb8faa20ab9,5357,size_in_bytes,lib/ocaml/compiler-libs/persistent_env.cmti,143937
2026-02-06T15:02:15Z,7e7d5d8c97a8904890a2adfd4ee81cb8faa20ab9,5357,size_in_bytes,lib/ocaml/compiler-libs/arg_helper.cmti,67154
2026-02-06T15:02:15Z,7e7d5d8c97a8904890a2adfd4ee81cb8faa20ab9,5357,size_in_bytes,lib/ocaml/compiler-libs/extra_debug.cmti,32037
2026-02-06T15:02:15Z,7e7d5d8c97a8904890a2adfd4ee81cb8faa20ab9,5357,size_in_bytes,lib/ocaml/compiler-libs/terminfo.cmti,13886
2026-02-06T15:02:15Z,7e7d5d8c97a8904890a2adfd4ee81cb8faa20ab9,5357,size_in_bytes,lib/ocaml/compiler-libs/flambda2_simplify__Upwards_acc.cmti,71400
2026-02-06T15:02:15Z,7e7d5d8c97a8904890a2adfd4ee81cb8faa20ab9,5357,size_in_bytes,lib/ocaml/compiler-libs/flambda2_terms__Recursive.cmti,24759
2026-02-06T15:02:15Z,7e7d5d8c97a8904890a2adfd4ee81cb8faa20ab9,5357,size_in_bytes,lib/ocaml/compiler-libs/debug.cmti,10479
2026-02-06T15:02:15Z,7e7d5d8c97a8904890a2adfd4ee81cb8faa20ab9,5357,size_in_bytes,lib/ocaml/compiler-libs/dll.cmti,20048
2026-02-06T15:02:15Z,7e7d5d8c97a8904890a2adfd4ee81cb8faa20ab9,5357,size_in_bytes,lib/ocaml/compiler-libs/flambda2_simplify__Reification.cmti,34361
2026-02-06T15:02:15Z,7e7d5d8c97a8904890a2adfd4ee81cb8faa20ab9,5357,size_in_bytes,lib/ocaml/compiler-libs/flambda2_simplify__Continuation_in_env.cmti,35795
2026-02-06T15:02:15Z,7e7d5d8c97a8904890a2adfd4ee81cb8faa20ab9,5357,size_in_bytes,lib/ocaml/compiler-libs/toploop.cmti,90025
2026-02-06T15:02:15Z,7e7d5d8c97a8904890a2adfd4ee81cb8faa20ab9,5357,size_in_bytes,lib/ocaml/compiler-libs/flambda2_simplify__Simplify_primitive.cmti,33505
2026-02-06T15:02:15Z,7e7d5d8c97a8904890a2adfd4ee81cb8faa20ab9,5357,size_in_bytes,lib/ocaml/compiler-libs/cmt2annot.cmti,14675
2026-02-06T15:02:15Z,7e7d5d8c97a8904890a2adfd4ee81cb8faa20ab9,5357,size_in_bytes,lib/ocaml/compiler-libs/typemod.cmti,69700
2026-02-06T15:02:15Z,7e7d5d8c97a8904890a2adfd4ee81cb8faa20ab9,5357,size_in_bytes,lib/ocaml/compiler-libs/simplify_terminator.cmti,32059
2026-02-06T15:02:15Z,7e7d5d8c97a8904890a2adfd4ee81cb8faa20ab9,5357,size_in_bytes,lib/ocaml/compiler-libs/tmc.cmti,18616
2026-02-06T15:02:15Z,7e7d5d8c97a8904890a2adfd4ee81cb8faa20ab9,5357,size_in_bytes,lib/ocaml/compiler-libs/flambda2_types__Set_of_closures_contents.cmti,371520
2026-02-06T15:02:15Z,7e7d5d8c97a8904890a2adfd4ee81cb8faa20ab9,5357,size_in_bytes,lib/ocaml/compiler-libs/flambda2_parser__Flambda_to_fexpr.cmti,26048
2026-02-06T15:02:15Z,7e7d5d8c97a8904890a2adfd4ee81cb8faa20ab9,5357,size_in_bytes,lib/ocaml/compiler-libs/flambda2_bound_identifiers__Bound_pattern.cmti,41153
2026-02-06T15:02:15Z,7e7d5d8c97a8904890a2adfd4ee81cb8faa20ab9,5357,size_in_bytes,lib/ocaml/compiler-libs/flambda2_simplify__Dominator_graph.cmti,38341
2026-02-06T15:02:15Z,7e7d5d8c97a8904890a2adfd4ee81cb8faa20ab9,5357,size_in_bytes,lib/ocaml/compiler-libs/flambda2_datalog__Table.cmti,47860
2026-02-06T15:02:15Z,7e7d5d8c97a8904890a2adfd4ee81cb8faa20ab9,5357,size_in_bytes,lib/ocaml/compiler-libs/int_replace_polymorphic_compare.cmti,13571
2026-02-06T15:02:15Z,7e7d5d8c97a8904890a2adfd4ee81cb8faa20ab9,5357,size_in_bytes,lib/ocaml/compiler-libs/asttypes.cmti,23041
2026-02-06T15:02:15Z,7e7d5d8c97a8904890a2adfd4ee81cb8faa20ab9,5357,size_in_bytes,lib/ocaml/compiler-libs/flambda2_types__Meet_env.cmti,54438
2026-02-06T15:02:15Z,7e7d5d8c97a8904890a2adfd4ee81cb8faa20ab9,5357,size_in_bytes,lib/ocaml/compiler-libs/subst.cmti,111079
2026-02-06T15:02:15Z,7e7d5d8c97a8904890a2adfd4ee81cb8faa20ab9,5357,size_in_bytes,lib/ocaml/compiler-libs/flambda2_simplify__Optimistic_unboxing_decision.cmti,30670
2026-02-06T15:02:15Z,7e7d5d8c97a8904890a2adfd4ee81cb8faa20ab9,5357,size_in_bytes,lib/ocaml/compiler-libs/flambda2_terms__Code_size.cmti,37746
2026-02-06T15:02:15Z,7e7d5d8c97a8904890a2adfd4ee81cb8faa20ab9,5357,size_in_bytes,lib/ocaml/compiler-libs/flambda2_identifiers__Slot.cmti,165324
2026-02-06T15:02:15Z,7e7d5d8c97a8904890a2adfd4ee81cb8faa20ab9,5357,size_in_bytes,lib/ocaml/compiler-libs/flambda2_reaper__Field.cmti,160245
2026-02-06T15:02:15Z,7e7d5d8c97a8904890a2adfd4ee81cb8faa20ab9,5357,size_in_bytes,lib/ocaml/compiler-libs/flambda2_types__Equal_types_for_debug.cmti,35377
2026-02-06T15:02:15Z,7e7d5d8c97a8904890a2adfd4ee81cb8faa20ab9,5357,size_in_bytes,lib/ocaml/compiler-libs/flambda2_identifiers__Variable.cmti,36362
2026-02-06T15:02:15Z,7e7d5d8c97a8904890a2adfd4ee81cb8faa20ab9,5357,size_in_bytes,lib/ocaml/compiler-libs/symbol.cmti,146076
2026-02-06T15:02:15Z,7e7d5d8c97a8904890a2adfd4ee81cb8faa20ab9,5357,size_in_bytes,lib/ocaml/compiler-libs/flambda2_algorithms__Container_types.cmti,298504
2026-02-06T15:02:15Z,7e7d5d8c97a8904890a2adfd4ee81cb8faa20ab9,5357,size_in_bytes,lib/ocaml/compiler-libs/flambda2_terms__Switch_expr.cmti,36744
2026-02-06T15:02:15Z,7e7d5d8c97a8904890a2adfd4ee81cb8faa20ab9,5357,size_in_bytes,lib/ocaml/compiler-libs/mode.cmti,662349
2026-02-06T15:02:15Z,7e7d5d8c97a8904890a2adfd4ee81cb8faa20ab9,5357,size_in_bytes,lib/ocaml/compiler-libs/flambda2_simplify__Simplify_binary_primitive.cmti,35373
2026-02-06T15:02:15Z,7e7d5d8c97a8904890a2adfd4ee81cb8faa20ab9,5357,size_in_bytes,lib/ocaml/compiler-libs/stack_class.cmti,41736
2026-02-06T15:02:15Z,7e7d5d8c97a8904890a2adfd4ee81cb8faa20ab9,5357,size_in_bytes,lib/ocaml/compiler-libs/x86_proc.cmti,116092
2026-02-06T15:02:15Z,7e7d5d8c97a8904890a2adfd4ee81cb8faa20ab9,5357,size_in_bytes,lib/ocaml/compiler-libs/flambda2_term_basics__Inlined_debuginfo.cmti,35794
2026-02-06T15:02:15Z,7e7d5d8c97a8904890a2adfd4ee81cb8faa20ab9,5357,size_in_bytes,lib/ocaml/compiler-libs/flambda2_bound_identifiers__Bound_name.cmti,25409
2026-02-06T15:02:15Z,7e7d5d8c97a8904890a2adfd4ee81cb8faa20ab9,5357,size_in_bytes,lib/ocaml/compiler-libs/flambda2_to_jsir__To_jsir_result.cmti,38839
2026-02-06T15:02:15Z,7e7d5d8c97a8904890a2adfd4ee81cb8faa20ab9,5357,size_in_bytes,lib/ocaml/compiler-libs/printtyped.cmti,16061
2026-02-06T15:02:15Z,7e7d5d8c97a8904890a2adfd4ee81cb8faa20ab9,5357,size_in_bytes,lib/ocaml/compiler-libs/value_rec_compiler.cmti,17320
2026-02-06T15:02:15Z,7e7d5d8c97a8904890a2adfd4ee81cb8faa20ab9,5357,size_in_bytes,lib/ocaml/compiler-libs/printreg.cmti,39999
2026-02-06T15:02:15Z,7e7d5d8c97a8904890a2adfd4ee81cb8faa20ab9,5357,size_in_bytes,lib/ocaml/compiler-libs/format_doc.cmti,121709
2026-02-06T15:02:15Z,7e7d5d8c97a8904890a2adfd4ee81cb8faa20ab9,5357,size_in_bytes,lib/ocaml/compiler-libs/allowance.cmti,28883
2026-02-06T15:02:15Z,7e7d5d8c97a8904890a2adfd4ee81cb8faa20ab9,5357,size_in_bytes,lib/ocaml/compiler-libs/flambda2_algorithms__Leapfrog.cmti,39129
2026-02-06T15:02:15Z,7e7d5d8c97a8904890a2adfd4ee81cb8faa20ab9,5357,size_in_bytes,lib/ocaml/compiler-libs/flambda2_simplify__Simplify_unary_primitive.cmti,34697
2026-02-06T15:02:15Z,7e7d5d8c97a8904890a2adfd4ee81cb8faa20ab9,5357,size_in_bytes,lib/ocaml/compiler-libs/printtyp.cmti,134541
2026-02-06T15:02:15Z,7e7d5d8c97a8904890a2adfd4ee81cb8faa20ab9,5357,size_in_bytes,lib/ocaml/compiler-libs/flambda2_datalog__Value.cmti,16767
2026-02-06T15:02:15Z,7e7d5d8c97a8904890a2adfd4ee81cb8faa20ab9,5357,size_in_bytes,lib/ocaml/compiler-libs/flambda2_simplify__Simplify.cmti,33861
2026-02-06T15:02:15Z,7e7d5d8c97a8904890a2adfd4ee81cb8faa20ab9,5357,size_in_bytes,lib/ocaml/compiler-libs/global_module.cmti,394521
2026-02-06T15:02:15Z,7e7d5d8c97a8904890a2adfd4ee81cb8faa20ab9,5357,size_in_bytes,lib/ocaml/compiler-libs/flambda2_term_basics__Simple.cmti,423053
2026-02-06T15:02:15Z,7e7d5d8c97a8904890a2adfd4ee81cb8faa20ab9,5357,size_in_bytes,lib/ocaml/compiler-libs/opttopdirs.cmti,22603
2026-02-06T15:02:15Z,7e7d5d8c97a8904890a2adfd4ee81cb8faa20ab9,5357,size_in_bytes,lib/ocaml/compiler-libs/asm_targets__Asm_symbol.cmti,137744
2026-02-06T15:02:15Z,7e7d5d8c97a8904890a2adfd4ee81cb8faa20ab9,5357,size_in_bytes,lib/ocaml/compiler-libs/cfg_with_infos.cmti,44132
2026-02-06T15:02:15Z,7e7d5d8c97a8904890a2adfd4ee81cb8faa20ab9,5357,size_in_bytes,lib/ocaml/compiler-libs/cfg_simplify.cmti,28941
2026-02-06T15:02:15Z,7e7d5d8c97a8904890a2adfd4ee81cb8faa20ab9,5357,size_in_bytes,lib/ocaml/compiler-libs/x86_gas.cmti,13591
2026-02-06T15:02:15Z,7e7d5d8c97a8904890a2adfd4ee81cb8faa20ab9,5357,size_in_bytes,lib/ocaml/compiler-libs/camlinternalMenhirLib.cmti,464811
2026-02-06T15:02:15Z,7e7d5d8c97a8904890a2adfd4ee81cb8faa20ab9,5357,size_in_bytes,lib/ocaml/compiler-libs/cmj_format.cmti,13363
2026-02-06T15:02:15Z,7e7d5d8c97a8904890a2adfd4ee81cb8faa20ab9,5357,size_in_bytes,lib/ocaml/compiler-libs/cm_bundle.cmti,16379
2026-02-06T15:02:15Z,7e7d5d8c97a8904890a2adfd4ee81cb8faa20ab9,5357,size_in_bytes,lib/ocaml/compiler-libs/probe_emission.cmti,43924
2026-02-06T15:02:15Z,7e7d5d8c97a8904890a2adfd4ee81cb8faa20ab9,5357,size_in_bytes,lib/ocaml/compiler-libs/flambda2_nominal__Name_occurrences.cmti,96497
2026-02-06T15:02:15Z,7e7d5d8c97a8904890a2adfd4ee81cb8faa20ab9,5357,size_in_bytes,lib/ocaml/compiler-libs/flambda2_floats__Float32.cmti,22139
2026-02-06T15:02:15Z,7e7d5d8c97a8904890a2adfd4ee81cb8faa20ab9,5357,size_in_bytes,lib/ocaml/compiler-libs/flambda2_parser__Fexpr_to_flambda.cmti,26394
2026-02-06T15:02:15Z,7e7d5d8c97a8904890a2adfd4ee81cb8faa20ab9,5357,size_in_bytes,lib/ocaml/compiler-libs/asm_targets__Asm_directives_dwarf.cmti,9781
2026-02-06T15:02:15Z,7e7d5d8c97a8904890a2adfd4ee81cb8faa20ab9,5357,size_in_bytes,lib/ocaml/compiler-libs/translmod.cmti,33417
2026-02-06T15:02:15Z,7e7d5d8c97a8904890a2adfd4ee81cb8faa20ab9,5357,size_in_bytes,lib/ocaml/compiler-libs/transl_array_comprehension.cmti,17857
2026-02-06T15:02:15Z,7e7d5d8c97a8904890a2adfd4ee81cb8faa20ab9,5357,size_in_bytes,lib/ocaml/compiler-libs/reg_availability_set.cmti,41411
2026-02-06T15:02:15Z,7e7d5d8c97a8904890a2adfd4ee81cb8faa20ab9,5357,size_in_bytes,lib/ocaml/compiler-libs/oxcaml_flags.cmti,121711
2026-02-06T15:02:15Z,7e7d5d8c97a8904890a2adfd4ee81cb8faa20ab9,5357,size_in_bytes,lib/ocaml/compiler-libs/shape_reduce.cmti,39773
2026-02-06T15:02:15Z,7e7d5d8c97a8904890a2adfd4ee81cb8faa20ab9,5357,size_in_bytes,lib/ocaml/compiler-libs/peephole_rules.cmti,29388
2026-02-06T15:02:15Z,7e7d5d8c97a8904890a2adfd4ee81cb8faa20ab9,5357,size_in_bytes,lib/ocaml/compiler-libs/stack_reg_offset.cmti,12742
2026-02-06T15:02:15Z,7e7d5d8c97a8904890a2adfd4ee81cb8faa20ab9,5357,size_in_bytes,lib/ocaml/compiler-libs/flambda2_parser__Print_fexpr.cmti,26761
2026-02-06T15:02:15Z,7e7d5d8c97a8904890a2adfd4ee81cb8faa20ab9,5357,size_in_bytes,lib/ocaml/compiler-libs/flambda2_simplify__Lifted_constant_state.cmti,41133
2026-02-06T15:02:15Z,7e7d5d8c97a8904890a2adfd4ee81cb8faa20ab9,5357,size_in_bytes,lib/ocaml/compiler-libs/flambda2_types__Reify.cmti,40856
2026-02-06T15:02:15Z,7e7d5d8c97a8904890a2adfd4ee81cb8faa20ab9,5357,size_in_bytes,lib/ocaml/compiler-libs/dissector_log.cmti,13627
2026-02-06T15:02:15Z,7e7d5d8c97a8904890a2adfd4ee81cb8faa20ab9,5357,size_in_bytes,lib/ocaml/compiler-libs/cmm_peephole_engine.cmti,57978
2026-02-06T15:02:15Z,7e7d5d8c97a8904890a2adfd4ee81cb8faa20ab9,5357,size_in_bytes,lib/ocaml/compiler-libs/errors.cmti,10167
2026-02-06T15:02:15Z,7e7d5d8c97a8904890a2adfd4ee81cb8faa20ab9,5357,size_in_bytes,lib/ocaml/compiler-libs/typetexp.cmti,72410
2026-02-06T15:02:15Z,7e7d5d8c97a8904890a2adfd4ee81cb8faa20ab9,5357,size_in_bytes,lib/ocaml/compiler-libs/flambda2_types__Code_age_relation.cmti,32747
2026-02-06T15:02:15Z,7e7d5d8c97a8904890a2adfd4ee81cb8faa20ab9,5357,size_in_bytes,lib/ocaml/compiler-libs/symbol_table.cmti,27537
2026-02-06T15:02:15Z,7e7d5d8c97a8904890a2adfd4ee81cb8faa20ab9,5357,size_in_bytes,lib/ocaml/compiler-libs/cmx_format.cmti,64748
2026-02-06T15:02:15Z,7e7d5d8c97a8904890a2adfd4ee81cb8faa20ab9,5357,size_in_bytes,lib/ocaml/compiler-libs/flambda2_reaper__Cofield.cmti,148904
2026-02-06T15:02:15Z,7e7d5d8c97a8904890a2adfd4ee81cb8faa20ab9,5357,size_in_bytes,lib/ocaml/compiler-libs/flambda2_bound_identifiers__Bound_continuations.cmti,25785
2026-02-06T15:02:15Z,7e7d5d8c97a8904890a2adfd4ee81cb8faa20ab9,5357,size_in_bytes,lib/ocaml/compiler-libs/flambda2_to_cmm__To_cmm_result.cmti,50757
2026-02-06T15:02:15Z,7e7d5d8c97a8904890a2adfd4ee81cb8faa20ab9,5357,size_in_bytes,lib/ocaml/compiler-libs/flambda2_datalog__Virtual_machine.cmti,46547
2026-02-06T15:02:15Z,7e7d5d8c97a8904890a2adfd4ee81cb8faa20ab9,5357,size_in_bytes,lib/ocaml/compiler-libs/flambda2_ui__Flambda_colours.cmti,27149
2026-02-06T15:02:15Z,7e7d5d8c97a8904890a2adfd4ee81cb8faa20ab9,5357,size_in_bytes,lib/ocaml/compiler-libs/flambda2_to_cmm__To_cmm_env.cmti,125867
2026-02-06T15:02:15Z,7e7d5d8c97a8904890a2adfd4ee81cb8faa20ab9,5357,size_in_bytes,lib/ocaml/compiler-libs/flambda2_reaper__Rev_expr.cmti,54320
2026-02-06T15:02:15Z,7e7d5d8c97a8904890a2adfd4ee81cb8faa20ab9,5357,size_in_bytes,lib/ocaml/compiler-libs/translclass.cmti,18376
2026-02-06T15:02:15Z,7e7d5d8c97a8904890a2adfd4ee81cb8faa20ab9,5357,size_in_bytes,lib/ocaml/compiler-libs/pparse.cmti,29640
2026-02-06T15:02:15Z,7e7d5d8c97a8904890a2adfd4ee81cb8faa20ab9,5357,size_in_bytes,lib/ocaml/compiler-libs/flambda2_simplify_shared__Exported_offsets.cmti,39560
2026-02-06T15:02:15Z,7e7d5d8c97a8904890a2adfd4ee81cb8faa20ab9,5357,size_in_bytes,lib/ocaml/compiler-libs/cfg_to_linear_desc.cmti,28783
2026-02-06T15:02:15Z,7e7d5d8c97a8904890a2adfd4ee81cb8faa20ab9,5357,size_in_bytes,lib/ocaml/compiler-libs/flambda2_simplify__Continuation_shortcut.cmti,28930
2026-02-06T15:02:15Z,7e7d5d8c97a8904890a2adfd4ee81cb8faa20ab9,5357,size_in_bytes,lib/ocaml/compiler-libs/flambda2_simplify__Original_handlers.cmti,35911
2026-02-06T15:02:15Z,7e7d5d8c97a8904890a2adfd4ee81cb8faa20ab9,5357,size_in_bytes,lib/ocaml/compiler-libs/cfg_selectgen.cmti,33697
2026-02-06T15:02:15Z,7e7d5d8c97a8904890a2adfd4ee81cb8faa20ab9,5357,size_in_bytes,lib/ocaml/compiler-libs/slambda0.cmti,8009
2026-02-06T15:02:15Z,7e7d5d8c97a8904890a2adfd4ee81cb8faa20ab9,5357,size_in_bytes,lib/ocaml/compiler-libs/flambda2_to_cmm__To_cmm_shared.cmti,81118
2026-02-06T15:02:15Z,7e7d5d8c97a8904890a2adfd4ee81cb8faa20ab9,5357,size_in_bytes,lib/ocaml/compiler-libs/cfg_prologue.cmti,29845
2026-02-06T15:02:15Z,7e7d5d8c97a8904890a2adfd4ee81cb8faa20ab9,5357,size_in_bytes,lib/ocaml/compiler-libs/printslambda0.cmti,10273
2026-02-06T15:02:15Z,7e7d5d8c97a8904890a2adfd4ee81cb8faa20ab9,5357,size_in_bytes,lib/ocaml/compiler-libs/switch.cmti,52304
2026-02-06T15:02:15Z,7e7d5d8c97a8904890a2adfd4ee81cb8faa20ab9,5357,size_in_bytes,lib/ocaml/compiler-libs/scalar.cmti,155570
2026-02-06T15:02:15Z,7e7d5d8c97a8904890a2adfd4ee81cb8faa20ab9,5357,size_in_bytes,lib/ocaml/compiler-libs/flambda2_terms__Trap_action.cmti,37374
2026-02-06T15:02:15Z,7e7d5d8c97a8904890a2adfd4ee81cb8faa20ab9,5357,size_in_bytes,lib/ocaml/compiler-libs/cmm.cmti,193974
2026-02-06T15:02:15Z,7e7d5d8c97a8904890a2adfd4ee81cb8faa20ab9,5357,size_in_bytes,lib/ocaml/compiler-libs/label.cmti,144102
2026-02-06T15:02:15Z,7e7d5d8c97a8904890a2adfd4ee81cb8faa20ab9,5357,size_in_bytes,lib/ocaml/compiler-libs/flambda2_terms__Inlined_attribute.cmti,31507
2026-02-06T15:02:15Z,7e7d5d8c97a8904890a2adfd4ee81cb8faa20ab9,5357,size_in_bytes,lib/ocaml/compiler-libs/jkind_types.cmti,67575
2026-02-06T15:02:15Z,7e7d5d8c97a8904890a2adfd4ee81cb8faa20ab9,5357,size_in_bytes,lib/ocaml/compiler-libs/flambda2_simplify__Non_recursive_handler.cmti,36031
2026-02-06T15:02:15Z,7e7d5d8c97a8904890a2adfd4ee81cb8faa20ab9,5357,size_in_bytes,lib/ocaml/compiler-libs/llvm_ir.cmti,347097
2026-02-06T15:02:15Z,7e7d5d8c97a8904890a2adfd4ee81cb8faa20ab9,5357,size_in_bytes,lib/ocaml/compiler-libs/flambda2_algorithms__Table_by_int_id.cmti,21077
2026-02-06T15:02:15Z,7e7d5d8c97a8904890a2adfd4ee81cb8faa20ab9,5357,size_in_bytes,lib/ocaml/compiler-libs/instruct.cmti,59287
2026-02-06T15:02:15Z,7e7d5d8c97a8904890a2adfd4ee81cb8faa20ab9,5357,size_in_bytes,lib/ocaml/compiler-libs/flambda2_simplify_shared__Are_rebuilding_terms.cmti,15849
2026-02-06T15:02:15Z,7e7d5d8c97a8904890a2adfd4ee81cb8faa20ab9,5357,size_in_bytes,lib/ocaml/compiler-libs/emitcode.cmti,22796
2026-02-06T15:02:15Z,7e7d5d8c97a8904890a2adfd4ee81cb8faa20ab9,5357,size_in_bytes,lib/ocaml/compiler-libs/flambda2_term_basics__String_info.cmti,141412
2026-02-06T15:02:15Z,7e7d5d8c97a8904890a2adfd4ee81cb8faa20ab9,5357,size_in_bytes,lib/ocaml/compiler-libs/flambda2_simplify__Mutable_unboxing.cmti,30717
2026-02-06T15:02:15Z,7e7d5d8c97a8904890a2adfd4ee81cb8faa20ab9,5357,size_in_bytes,lib/ocaml/compiler-libs/dwarf.cmti,40051
2026-02-06T15:02:15Z,7e7d5d8c97a8904890a2adfd4ee81cb8faa20ab9,5357,size_in_bytes,lib/ocaml/compiler-libs/zero_alloc_utils.cmti,85089
2026-02-06T15:02:15Z,7e7d5d8c97a8904890a2adfd4ee81cb8faa20ab9,5357,size_in_bytes,lib/ocaml/compiler-libs/flambda2_terms__Effects_and_coeffects.cmti,31141
2026-02-06T15:02:15Z,7e7d5d8c97a8904890a2adfd4ee81cb8faa20ab9,5357,size_in_bytes,lib/ocaml/compiler-libs/dsl_helpers.cmti,8850
2026-02-06T15:02:15Z,7e7d5d8c97a8904890a2adfd4ee81cb8faa20ab9,5357,size_in_bytes,lib/ocaml/compiler-libs/rewrite_sections.cmti,18158
2026-02-06T15:02:15Z,7e7d5d8c97a8904890a2adfd4ee81cb8faa20ab9,5357,size_in_bytes,lib/ocaml/compiler-libs/flambda2_term_basics__Coercion.cmti,35337
2026-02-06T15:02:15Z,7e7d5d8c97a8904890a2adfd4ee81cb8faa20ab9,5357,size_in_bytes,lib/ocaml/compiler-libs/diffing_with_keys.cmti,36961
2026-02-06T15:02:15Z,7e7d5d8c97a8904890a2adfd4ee81cb8faa20ab9,5357,size_in_bytes,lib/ocaml/compiler-libs/flambda2_algorithms__Lmap.cmti,78236
2026-02-06T15:02:15Z,7e7d5d8c97a8904890a2adfd4ee81cb8faa20ab9,5357,size_in_bytes,lib/ocaml/compiler-libs/flambda2_bound_identifiers__Bound_parameter.cmti,156749
2026-02-06T15:02:15Z,7e7d5d8c97a8904890a2adfd4ee81cb8faa20ab9,5357,size_in_bytes,lib/ocaml/compiler-libs/tast_mapper.cmti,64315
2026-02-06T15:02:15Z,7e7d5d8c97a8904890a2adfd4ee81cb8faa20ab9,5357,size_in_bytes,lib/ocaml/compiler-libs/flambda2_kinds__Tag.cmti,355481
2026-02-06T15:02:15Z,7e7d5d8c97a8904890a2adfd4ee81cb8faa20ab9,5357,size_in_bytes,lib/ocaml/compiler-libs/x86_binary_emitter.cmti,87890
2026-02-06T15:02:15Z,7e7d5d8c97a8904890a2adfd4ee81cb8faa20ab9,5357,size_in_bytes,lib/ocaml/compiler-libs/unit_info.cmti,62608
2026-02-06T15:02:15Z,7e7d5d8c97a8904890a2adfd4ee81cb8faa20ab9,5357,size_in_bytes,lib/ocaml/compiler-libs/flambda2_terms__Result_types.cmti,31208
2026-02-06T15:02:15Z,7e7d5d8c97a8904890a2adfd4ee81cb8faa20ab9,5357,size_in_bytes,lib/ocaml/compiler-libs/parser_types.cmti,15849
2026-02-06T15:02:15Z,7e7d5d8c97a8904890a2adfd4ee81cb8faa20ab9,5357,size_in_bytes,lib/ocaml/compiler-libs/vicuna_traverse_typed_tree.cmti,13806
2026-02-06T15:02:15Z,7e7d5d8c97a8904890a2adfd4ee81cb8faa20ab9,5357,size_in_bytes,lib/ocaml/compiler-libs/load_path.cmti,36781
2026-02-06T15:02:15Z,7e7d5d8c97a8904890a2adfd4ee81cb8faa20ab9,5357,size_in_bytes,lib/ocaml/compiler-libs/flambda2_from_lambda__Lambda_to_flambda_env.cmti,74189
2026-02-06T15:02:15Z,7e7d5d8c97a8904890a2adfd4ee81cb8faa20ab9,5357,size_in_bytes,lib/ocaml/compiler-libs/printlambda.cmti,33639
2026-02-06T15:02:15Z,7e7d5d8c97a8904890a2adfd4ee81cb8faa20ab9,5357,size_in_bytes,lib/ocaml/compiler-libs/compilenv.cmti,49250
2026-02-06T15:02:15Z,7e7d5d8c97a8904890a2adfd4ee81cb8faa20ab9,5357,size_in_bytes,lib/ocaml/compiler-libs/envaux.cmti,18117
2026-02-06T15:02:15Z,7e7d5d8c97a8904890a2adfd4ee81cb8faa20ab9,5357,size_in_bytes,lib/ocaml/compiler-libs/flambda2_simplify__Simplify_let_expr.cmti,33884
2026-02-06T15:02:15Z,7e7d5d8c97a8904890a2adfd4ee81cb8faa20ab9,5357,size_in_bytes,lib/ocaml/compiler-libs/eh_frame_registration.cmti,14196
2026-02-06T15:02:15Z,7e7d5d8c97a8904890a2adfd4ee81cb8faa20ab9,5357,size_in_bytes,lib/ocaml/compiler-libs/reg_with_debug_info.cmti,132516
2026-02-06T15:02:15Z,7e7d5d8c97a8904890a2adfd4ee81cb8faa20ab9,5357,size_in_bytes,lib/ocaml/compiler-libs/flambda2_ui__Flambda_features.cmti,66659
2026-02-06T15:02:15Z,7e7d5d8c97a8904890a2adfd4ee81cb8faa20ab9,5357,size_in_bytes,lib/ocaml/compiler-libs/flambda2_types__Binding_time.cmti,149887
2026-02-06T15:02:15Z,7e7d5d8c97a8904890a2adfd4ee81cb8faa20ab9,5357,size_in_bytes,lib/ocaml/compiler-libs/flambda2_terms__Loopify_attribute.cmti,26464
2026-02-06T15:02:15Z,7e7d5d8c97a8904890a2adfd4ee81cb8faa20ab9,5357,size_in_bytes,lib/ocaml/compiler-libs/flambda2_simplify__Simplify_simple.cmti,37633
2026-02-06T15:02:15Z,7e7d5d8c97a8904890a2adfd4ee81cb8faa20ab9,5357,size_in_bytes,lib/ocaml/compiler-libs/flambda2_nominal__Name_abstraction.cmti,54052
2026-02-06T15:02:15Z,7e7d5d8c97a8904890a2adfd4ee81cb8faa20ab9,5357,size_in_bytes,lib/ocaml/compiler-libs/flambda2_simplify__Unbox_continuation_params.cmti,37337
2026-02-06T15:02:15Z,7e7d5d8c97a8904890a2adfd4ee81cb8faa20ab9,5357,size_in_bytes,lib/ocaml/compiler-libs/flambda2_simplify__One_recursive_handler.cmti,32236
2026-02-06T15:02:15Z,7e7d5d8c97a8904890a2adfd4ee81cb8faa20ab9,5357,size_in_bytes,lib/ocaml/compiler-libs/targetint.cmti,55770
2026-02-06T15:02:15Z,7e7d5d8c97a8904890a2adfd4ee81cb8faa20ab9,5357,size_in_bytes,lib/ocaml/compiler-libs/linkenv.cmti,60004
2026-02-06T15:02:15Z,7e7d5d8c97a8904890a2adfd4ee81cb8faa20ab9,5357,size_in_bytes,lib/ocaml/compiler-libs/flambda2_reaper__Reaper.cmti,31142
2026-02-06T15:02:15Z,7e7d5d8c97a8904890a2adfd4ee81cb8faa20ab9,5357,size_in_bytes,lib/ocaml/compiler-libs/arch.cmti,76343
2026-02-06T15:02:15Z,7e7d5d8c97a8904890a2adfd4ee81cb8faa20ab9,5357,size_in_bytes,lib/ocaml/compiler-libs/emitaux.cmti,71018
2026-02-06T15:02:15Z,7e7d5d8c97a8904890a2adfd4ee81cb8faa20ab9,5357,size_in_bytes,lib/ocaml/compiler-libs/flambda2_to_jsir__To_jsir.cmti,32809
2026-02-06T15:02:15Z,7e7d5d8c97a8904890a2adfd4ee81cb8faa20ab9,5357,size_in_bytes,lib/ocaml/compiler-libs/compute_ranges.cmti,57589
2026-02-06T15:02:15Z,7e7d5d8c97a8904890a2adfd4ee81cb8faa20ab9,5357,size_in_bytes,lib/ocaml/compiler-libs/import_info.cmti,41097
2026-02-06T15:02:15Z,7e7d5d8c97a8904890a2adfd4ee81cb8faa20ab9,5357,size_in_bytes,lib/ocaml/compiler-libs/ast_iterator.cmti,64484
2026-02-06T15:02:15Z,7e7d5d8c97a8904890a2adfd4ee81cb8faa20ab9,5357,size_in_bytes,lib/ocaml/compiler-libs/flambda2_term_basics__Empty_array_kind.cmti,22205
2026-02-06T15:02:15Z,7e7d5d8c97a8904890a2adfd4ee81cb8faa20ab9,5357,size_in_bytes,lib/ocaml/compiler-libs/opcodes.cmti,64958
2026-02-06T15:02:15Z,7e7d5d8c97a8904890a2adfd4ee81cb8faa20ab9,5357,size_in_bytes,lib/ocaml/compiler-libs/flambda2_simplify__Control_flow_graph.cmti,39932
2026-02-06T15:02:15Z,7e7d5d8c97a8904890a2adfd4ee81cb8faa20ab9,5357,size_in_bytes,lib/ocaml/compiler-libs/flambda2_terms__Static_const.cmti,204355
2026-02-06T15:02:15Z,7e7d5d8c97a8904890a2adfd4ee81cb8faa20ab9,5357,size_in_bytes,lib/ocaml/compiler-libs/lexer.cmti,26160
2026-02-06T15:02:15Z,7e7d5d8c97a8904890a2adfd4ee81cb8faa20ab9,5357,size_in_bytes,lib/ocaml/compiler-libs/flambda2_simplify__Simplify_nullary_primitive.cmti,33866
2026-02-06T15:02:15Z,7e7d5d8c97a8904890a2adfd4ee81cb8faa20ab9,5357,size_in_bytes,lib/ocaml/compiler-libs/flambda2_terms__Code0.cmti,69689
2026-02-06T15:02:15Z,7e7d5d8c97a8904890a2adfd4ee81cb8faa20ab9,5357,size_in_bytes,lib/ocaml/compiler-libs/oxcaml_args.cmti,417384
2026-02-06T15:02:15Z,7e7d5d8c97a8904890a2adfd4ee81cb8faa20ab9,5357,size_in_bytes,lib/ocaml/compiler-libs/simplif.cmti,19954
2026-02-06T15:02:15Z,7e7d5d8c97a8904890a2adfd4ee81cb8faa20ab9,5357,size_in_bytes,lib/ocaml/compiler-libs/flambda2_reaper__Traverse.cmti,35159
2026-02-06T15:02:15Z,7e7d5d8c97a8904890a2adfd4ee81cb8faa20ab9,5357,size_in_bytes,lib/ocaml/compiler-libs/meta.cmti,19263
2026-02-06T15:02:15Z,7e7d5d8c97a8904890a2adfd4ee81cb8faa20ab9,5357,size_in_bytes,lib/ocaml/compiler-libs/runtime_shape.cmti,100354
2026-02-06T15:02:15Z,7e7d5d8c97a8904890a2adfd4ee81cb8faa20ab9,5357,size_in_bytes,lib/ocaml/compiler-libs/target_system.cmti,27427
2026-02-06T15:02:15Z,7e7d5d8c97a8904890a2adfd4ee81cb8faa20ab9,5357,size_in_bytes,lib/ocaml/compiler-libs/flambda2_simplify__Continuation_extra_params_and_args.cmti,43489
2026-02-06T15:02:15Z,7e7d5d8c97a8904890a2adfd4ee81cb8faa20ab9,5357,size_in_bytes,lib/ocaml/compiler-libs/asmlink.cmti,36171
2026-02-06T15:02:15Z,7e7d5d8c97a8904890a2adfd4ee81cb8faa20ab9,5357,size_in_bytes,lib/ocaml/compiler-libs/flambda2_algorithms__Channel.cmti,14917
2026-02-06T15:02:15Z,7e7d5d8c97a8904890a2adfd4ee81cb8faa20ab9,5357,size_in_bytes,lib/ocaml/compiler-libs/flambda2_terms__Validity.cmti,31680
2026-02-06T15:02:15Z,7e7d5d8c97a8904890a2adfd4ee81cb8faa20ab9,5357,size_in_bytes,lib/ocaml/compiler-libs/clflags.cmti,184067
2026-02-06T15:02:15Z,7e7d5d8c97a8904890a2adfd4ee81cb8faa20ab9,5357,size_in_bytes,lib/ocaml/compiler-libs/flambda2_types__With_cached_free_names.cmti,37317
2026-02-06T15:02:15Z,7e7d5d8c97a8904890a2adfd4ee81cb8faa20ab9,5357,size_in_bytes,lib/ocaml/compiler-libs/flambda2_simplify__Build_unboxing_denv.cmti,31003
2026-02-06T15:02:15Z,7e7d5d8c97a8904890a2adfd4ee81cb8faa20ab9,5357,size_in_bytes,lib/ocaml/compiler-libs/extract_relocations.cmti,21191
2026-02-06T15:02:15Z,7e7d5d8c97a8904890a2adfd4ee81cb8faa20ab9,5357,size_in_bytes,lib/ocaml/compiler-libs/flambda2_simplify__Simplify_named.cmti,35088
2026-02-06T15:02:15Z,7e7d5d8c97a8904890a2adfd4ee81cb8faa20ab9,5357,size_in_bytes,lib/ocaml/compiler-libs/flambda2_numbers__Targetint_32_64.cmti,297487
2026-02-06T15:02:15Z,7e7d5d8c97a8904890a2adfd4ee81cb8faa20ab9,5357,size_in_bytes,lib/ocaml/compiler-libs/bytegen.cmti,16810
2026-02-06T15:02:15Z,7e7d5d8c97a8904890a2adfd4ee81cb8faa20ab9,5357,size_in_bytes,lib/ocaml/compiler-libs/flambda2_numbers__Numeric_types.cmti,1493462
2026-02-06T15:02:15Z,7e7d5d8c97a8904890a2adfd4ee81cb8faa20ab9,5357,size_in_bytes,lib/ocaml/compiler-libs/flambda2_simplify__Simplify_expr.cmti,36657
2026-02-06T15:02:15Z,7e7d5d8c97a8904890a2adfd4ee81cb8faa20ab9,5357,size_in_bytes,lib/ocaml/compiler-libs/flambda2_term_basics__Scope.cmti,144372
2026-02-06T15:02:15Z,7e7d5d8c97a8904890a2adfd4ee81cb8faa20ab9,5357,size_in_bytes,lib/ocaml/compiler-libs/profile.cmti,34589
2026-02-06T15:02:15Z,7e7d5d8c97a8904890a2adfd4ee81cb8faa20ab9,5357,size_in_bytes,lib/ocaml/compiler-libs/flambda2_identifiers__Int_ids.cmti,1270062
2026-02-06T15:02:15Z,7e7d5d8c97a8904890a2adfd4ee81cb8faa20ab9,5357,size_in_bytes,lib/ocaml/compiler-libs/flambda2_types__Meet.cmti,26552
2026-02-06T15:02:15Z,7e7d5d8c97a8904890a2adfd4ee81cb8faa20ab9,5357,size_in_bytes,lib/ocaml/compiler-libs/path.cmti,94860
2026-02-06T15:02:15Z,7e7d5d8c97a8904890a2adfd4ee81cb8faa20ab9,5357,size_in_bytes,lib/ocaml/compiler-libs/zero_alloc_annotations.cmti,18479
2026-02-06T15:02:15Z,7e7d5d8c97a8904890a2adfd4ee81cb8faa20ab9,5357,size_in_bytes,lib/ocaml/compiler-libs/flambda2_simplify__Unboxing_epa.cmti,34322
2026-02-06T15:02:15Z,7e7d5d8c97a8904890a2adfd4ee81cb8faa20ab9,5357,size_in_bytes,lib/ocaml/compiler-libs/flambda2_numbers__Vector_types.cmti,325537
2026-02-06T15:02:15Z,7e7d5d8c97a8904890a2adfd4ee81cb8faa20ab9,5357,size_in_bytes,lib/ocaml/compiler-libs/main_args.cmti,491361
2026-02-06T15:02:15Z,7e7d5d8c97a8904890a2adfd4ee81cb8faa20ab9,5357,size_in_bytes,lib/ocaml/compiler-libs/dissector.cmti,28135
2026-02-06T15:02:15Z,7e7d5d8c97a8904890a2adfd4ee81cb8faa20ab9,5357,size_in_bytes,lib/ocaml/compiler-libs/flambda2_terms__Apply_expr.cmti,193077
2026-02-06T15:02:15Z,7e7d5d8c97a8904890a2adfd4ee81cb8faa20ab9,5357,size_in_bytes,lib/ocaml/compiler-libs/flambda2_simplify__Simplify_common.cmti,68744
2026-02-06T15:02:15Z,7e7d5d8c97a8904890a2adfd4ee81cb8faa20ab9,5357,size_in_bytes,lib/ocaml/compiler-libs/cmxs_format.cmti,16786
2026-02-06T15:02:15Z,7e7d5d8c97a8904890a2adfd4ee81cb8faa20ab9,5357,size_in_bytes,lib/ocaml/compiler-libs/flambda2_simplify__Continuation_uses.cmti,45140
2026-02-06T15:02:15Z,7e7d5d8c97a8904890a2adfd4ee81cb8faa20ab9,5357,size_in_bytes,lib/ocaml/compiler-libs/flambda2_types__Type_descr.cmti,54259
2026-02-06T15:02:15Z,7e7d5d8c97a8904890a2adfd4ee81cb8faa20ab9,5357,size_in_bytes,lib/ocaml/compiler-libs/local_store.cmti,18135
2026-02-06T15:02:15Z,7e7d5d8c97a8904890a2adfd4ee81cb8faa20ab9,5357,size_in_bytes,lib/ocaml/compiler-libs/flambda2_identifiers__Code_id.cmti,33999
2026-02-06T15:02:15Z,7e7d5d8c97a8904890a2adfd4ee81cb8faa20ab9,5357,size_in_bytes,lib/ocaml/compiler-libs/dwarf_flags.cmti,34449
2026-02-06T15:02:15Z,7e7d5d8c97a8904890a2adfd4ee81cb8faa20ab9,5357,size_in_bytes,lib/ocaml/compiler-libs/dwarf_type.cmti,22687
2026-02-06T15:02:15Z,7e7d5d8c97a8904890a2adfd4ee81cb8faa20ab9,5357,size_in_bytes,lib/ocaml/compiler-libs/static_label.cmti,142288
2026-02-06T15:02:15Z,7e7d5d8c97a8904890a2adfd4ee81cb8faa20ab9,5357,size_in_bytes,lib/ocaml/compiler-libs/flambda2_terms__Placement.cmti,27123
2026-02-06T15:02:15Z,7e7d5d8c97a8904890a2adfd4ee81cb8faa20ab9,5357,size_in_bytes,lib/ocaml/compiler-libs/flambda2_types__Typing_env_extension.cmti,51158
2026-02-06T15:02:15Z,7e7d5d8c97a8904890a2adfd4ee81cb8faa20ab9,5357,size_in_bytes,lib/ocaml/compiler-libs/flambda2_identifiers__Function_slot.cmti,156856
2026-02-06T15:02:15Z,7e7d5d8c97a8904890a2adfd4ee81cb8faa20ab9,5357,size_in_bytes,lib/ocaml/compiler-libs/optmaindriver.cmti,31575
2026-02-06T15:02:15Z,7e7d5d8c97a8904890a2adfd4ee81cb8faa20ab9,5357,size_in_bytes,lib/ocaml/compiler-libs/blambda_of_lambda.cmti,14941
2026-02-06T15:02:15Z,7e7d5d8c97a8904890a2adfd4ee81cb8faa20ab9,5357,size_in_bytes,lib/ocaml/compiler-libs/stack_check.cmti,30316
2026-02-06T15:02:15Z,7e7d5d8c97a8904890a2adfd4ee81cb8faa20ab9,5357,size_in_bytes,lib/ocaml/compiler-libs/attr_helper.cmti,15078
2026-02-06T15:02:15Z,7e7d5d8c97a8904890a2adfd4ee81cb8faa20ab9,5357,size_in_bytes,lib/ocaml/compiler-libs/bytelink.cmti,52872
2026-02-06T15:02:15Z,7e7d5d8c97a8904890a2adfd4ee81cb8faa20ab9,5357,size_in_bytes,lib/ocaml/compiler-libs/flambda2_simplify__Rebuilt_expr.cmti,65835
2026-02-06T15:02:15Z,7e7d5d8c97a8904890a2adfd4ee81cb8faa20ab9,5357,size_in_bytes,lib/ocaml/compiler-libs/reg.cmti,231745
2026-02-06T15:02:15Z,7e7d5d8c97a8904890a2adfd4ee81cb8faa20ab9,5357,size_in_bytes,lib/ocaml/compiler-libs/flambda2_types__Typing_env.cmti,102443
2026-02-06T15:02:15Z,7e7d5d8c97a8904890a2adfd4ee81cb8faa20ab9,5357,size_in_bytes,lib/ocaml/compiler-libs/flambda2_simplify__Expr_builder.cmti,71636
2026-02-06T15:02:15Z,7e7d5d8c97a8904890a2adfd4ee81cb8faa20ab9,5357,size_in_bytes,lib/ocaml/compiler-libs/ccomp.cmti,18361
2026-02-06T15:02:15Z,7e7d5d8c97a8904890a2adfd4ee81cb8faa20ab9,5357,size_in_bytes,lib/ocaml/compiler-libs/flambda2_types__Meet_and_n_way_join.cmti,28590
2026-02-06T15:02:15Z,7e7d5d8c97a8904890a2adfd4ee81cb8faa20ab9,5357,size_in_bytes,lib/ocaml/compiler-libs/flambda2_term_basics__Rec_info_expr.cmti,38473
2026-02-06T15:02:15Z,7e7d5d8c97a8904890a2adfd4ee81cb8faa20ab9,5357,size_in_bytes,lib/ocaml/compiler-libs/cmt_format.cmti,47609
2026-02-06T15:02:15Z,7e7d5d8c97a8904890a2adfd4ee81cb8faa20ab9,5357,size_in_bytes,lib/ocaml/compiler-libs/runtimetags.cmti,15360
2026-02-06T15:02:15Z,7e7d5d8c97a8904890a2adfd4ee81cb8faa20ab9,5357,size_in_bytes,lib/ocaml/compiler-libs/ast_helper.cmti,424266
2026-02-06T15:02:15Z,7e7d5d8c97a8904890a2adfd4ee81cb8faa20ab9,5357,size_in_bytes,lib/ocaml/compiler-libs/cms_format.cmti,31220
2026-02-06T15:02:15Z,7e7d5d8c97a8904890a2adfd4ee81cb8faa20ab9,5357,size_in_bytes,lib/ocaml/compiler-libs/regalloc_irc_utils.cmti,49149
2026-02-06T15:02:15Z,7e7d5d8c97a8904890a2adfd4ee81cb8faa20ab9,5357,size_in_bytes,lib/ocaml/compiler-libs/pprintast.cmti,41664
2026-02-06T15:02:15Z,7e7d5d8c97a8904890a2adfd4ee81cb8faa20ab9,5357,size_in_bytes,lib/ocaml/compiler-libs/flambda2_simplify__Unboxing_types.cmti,52514
2026-02-06T15:02:15Z,7e7d5d8c97a8904890a2adfd4ee81cb8faa20ab9,5357,size_in_bytes,lib/ocaml/compiler-libs/flambda2_to_cmm__To_cmm.cmti,30402
2026-02-06T15:02:15Z,7e7d5d8c97a8904890a2adfd4ee81cb8faa20ab9,5357,size_in_bytes,lib/ocaml/compiler-libs/flambda2_terms__Code_or_metadata.cmti,47492
2026-02-06T15:02:15Z,7e7d5d8c97a8904890a2adfd4ee81cb8faa20ab9,5357,size_in_bytes,lib/ocaml/compiler-libs/flambda2_datalog__Column.cmti,160059
2026-02-06T15:02:15Z,7e7d5d8c97a8904890a2adfd4ee81cb8faa20ab9,5357,size_in_bytes,lib/ocaml/compiler-libs/byteinstantiator.cmti,13912
2026-02-06T15:02:15Z,7e7d5d8c97a8904890a2adfd4ee81cb8faa20ab9,5357,size_in_bytes,lib/ocaml/compiler-libs/annot.cmti,11507
2026-02-06T15:02:15Z,7e7d5d8c97a8904890a2adfd4ee81cb8faa20ab9,5357,size_in_bytes,lib/ocaml/compiler-libs/value_rec_check.cmti,15109
2026-02-06T15:02:15Z,7e7d5d8c97a8904890a2adfd4ee81cb8faa20ab9,5357,size_in_bytes,lib/ocaml/compiler-libs/flambda2_numbers__One_bit_fewer.cmti,71640
2026-02-06T15:02:15Z,7e7d5d8c97a8904890a2adfd4ee81cb8faa20ab9,5357,size_in_bytes,lib/ocaml/compiler-libs/flambda2_from_lambda__Lambda_to_lambda_transforms.cmti,29802
2026-02-06T15:02:15Z,7e7d5d8c97a8904890a2adfd4ee81cb8faa20ab9,5357,size_in_bytes,lib/ocaml/compiler-libs/is_parameter.cmti,138139
2026-02-06T15:02:15Z,7e7d5d8c97a8904890a2adfd4ee81cb8faa20ab9,5357,size_in_bytes,lib/ocaml/compiler-libs/flambda2_simplify__Replay_history.cmti,39089
2026-02-06T15:02:15Z,7e7d5d8c97a8904890a2adfd4ee81cb8faa20ab9,5357,size_in_bytes,lib/ocaml/compiler-libs/flambda2.cmti,37407
2026-02-06T15:02:15Z,7e7d5d8c97a8904890a2adfd4ee81cb8faa20ab9,5357,size_in_bytes,lib/ocaml/compiler-libs/cmm_invariants.cmti,29761
2026-02-06T15:02:15Z,7e7d5d8c97a8904890a2adfd4ee81cb8faa20ab9,5357,size_in_bytes,lib/ocaml/compiler-libs/predef.cmti,108704
2026-02-06T15:02:15Z,7e7d5d8c97a8904890a2adfd4ee81cb8faa20ab9,5357,size_in_bytes,lib/ocaml/compiler-libs/operation.cmti,77906
2026-02-06T15:02:15Z,7e7d5d8c97a8904890a2adfd4ee81cb8faa20ab9,5357,size_in_bytes,lib/ocaml/compiler-libs/flambda2_simplify__Function_decl_inlining_decision.cmti,28430
2026-02-06T15:02:15Z,7e7d5d8c97a8904890a2adfd4ee81cb8faa20ab9,5357,size_in_bytes,lib/ocaml/compiler-libs/vectorize_utils.cmti,53470
2026-02-06T15:02:15Z,7e7d5d8c97a8904890a2adfd4ee81cb8faa20ab9,5357,size_in_bytes,lib/ocaml/compiler-libs/flambda2_reaper__Traverse_acc.cmti,93016
2026-02-06T15:02:15Z,7e7d5d8c97a8904890a2adfd4ee81cb8faa20ab9,5357,size_in_bytes,lib/ocaml/compiler-libs/docstrings.cmti,69648
2026-02-06T15:02:15Z,7e7d5d8c97a8904890a2adfd4ee81cb8faa20ab9,5357,size_in_bytes,lib/ocaml/compiler-libs/regalloc_ls.cmti,30078
2026-02-06T15:02:15Z,7e7d5d8c97a8904890a2adfd4ee81cb8faa20ab9,5357,size_in_bytes,lib/ocaml/compiler-libs/flambda2_datalog__Trie.cmti,44568
2026-02-06T15:02:15Z,7e7d5d8c97a8904890a2adfd4ee81cb8faa20ab9,5357,size_in_bytes,lib/ocaml/compiler-libs/flambda2_simplify_shared__Inlining_helpers.cmti,46912
2026-02-06T15:02:15Z,7e7d5d8c97a8904890a2adfd4ee81cb8faa20ab9,5357,size_in_bytes,lib/ocaml/compiler-libs/flambda2_parser__Flambda_lex.cmti,26327
2026-02-06T15:02:15Z,7e7d5d8c97a8904890a2adfd4ee81cb8faa20ab9,5357,size_in_bytes,lib/ocaml/compiler-libs/cfg_edge.cmti,78603
2026-02-06T15:02:15Z,7e7d5d8c97a8904890a2adfd4ee81cb8faa20ab9,5357,size_in_bytes,lib/ocaml/compiler-libs/flambda2_to_jsir__To_jsir_static_const.cmti,39091
2026-02-06T15:02:15Z,7e7d5d8c97a8904890a2adfd4ee81cb8faa20ab9,5357,size_in_bytes,lib/ocaml/compiler-libs/profile_counters_functions.cmti,13771
2026-02-06T15:02:15Z,7e7d5d8c97a8904890a2adfd4ee81cb8faa20ab9,5357,size_in_bytes,lib/ocaml/compiler-libs/flambda2_nominal__Ids_for_export.cmti,36514
2026-02-06T15:02:15Z,7e7d5d8c97a8904890a2adfd4ee81cb8faa20ab9,5357,size_in_bytes,lib/ocaml/compiler-libs/typedecl_properties.cmti,28482
2026-02-06T15:02:15Z,7e7d5d8c97a8904890a2adfd4ee81cb8faa20ab9,5357,size_in_bytes,lib/ocaml/compiler-libs/flambda2_simplify_shared__Inlining_report.cmti,100898
2026-02-06T15:02:15Z,7e7d5d8c97a8904890a2adfd4ee81cb8faa20ab9,5357,size_in_bytes,lib/ocaml/compiler-libs/flambda2_simplify__Simplify_apply_expr.cmti,33378
2026-02-06T15:02:15Z,7e7d5d8c97a8904890a2adfd4ee81cb8faa20ab9,5357,size_in_bytes,lib/ocaml/compiler-libs/section_table.cmti,21901
2026-02-06T15:02:15Z,7e7d5d8c97a8904890a2adfd4ee81cb8faa20ab9,5357,size_in_bytes,lib/ocaml/compiler-libs/outcometree.cmti,92793
2026-02-06T15:02:15Z,7e7d5d8c97a8904890a2adfd4ee81cb8faa20ab9,5357,size_in_bytes,lib/ocaml/compiler-libs/flambda2_simplify__Simplify_import.cmti,46955
2026-02-06T15:02:15Z,7e7d5d8c97a8904890a2adfd4ee81cb8faa20ab9,5357,size_in_bytes,lib/ocaml/compiler-libs/flambda2_simplify__Join_points.cmti,36391
2026-02-06T15:02:15Z,7e7d5d8c97a8904890a2adfd4ee81cb8faa20ab9,5357,size_in_bytes,lib/ocaml/compiler-libs/matching.cmti,37456
2026-02-06T15:02:15Z,7e7d5d8c97a8904890a2adfd4ee81cb8faa20ab9,5357,size_in_bytes,lib/ocaml/compiler-libs/debuginfo.cmti,63798
2026-02-06T15:02:15Z,7e7d5d8c97a8904890a2adfd4ee81cb8faa20ab9,5357,size_in_bytes,lib/ocaml/compiler-libs/genprintval.cmti,45347
2026-02-06T15:02:15Z,7e7d5d8c97a8904890a2adfd4ee81cb8faa20ab9,5357,size_in_bytes,lib/ocaml/compiler-libs/flambda2_simplify__Continuation_uses_env.cmti,44609
2026-02-06T15:02:15Z,7e7d5d8c97a8904890a2adfd4ee81cb8faa20ab9,5357,size_in_bytes,lib/ocaml/compiler-libs/flambda2_simplify__Flow.cmti,64151
2026-02-06T15:02:15Z,7e7d5d8c97a8904890a2adfd4ee81cb8faa20ab9,5357,size_in_bytes,lib/ocaml/compiler-libs/runtimedef.cmti,9614
2026-02-06T15:02:15Z,7e7d5d8c97a8904890a2adfd4ee81cb8faa20ab9,5357,size_in_bytes,lib/ocaml/compiler-libs/errortrace.cmti,78278
2026-02-06T15:02:15Z,7e7d5d8c97a8904890a2adfd4ee81cb8faa20ab9,5357,size_in_bytes,lib/ocaml/compiler-libs/flambda2_to_cmm__To_cmm_primitive.cmti,34072
2026-02-06T15:02:15Z,7e7d5d8c97a8904890a2adfd4ee81cb8faa20ab9,5357,size_in_bytes,lib/ocaml/compiler-libs/flambda2_terms__Poll_attribute.cmti,26652
2026-02-06T15:02:15Z,7e7d5d8c97a8904890a2adfd4ee81cb8faa20ab9,5357,size_in_bytes,lib/ocaml/compiler-libs/flambda2_cmx__Flambda_cmx.cmti,40091
2026-02-06T15:02:15Z,7e7d5d8c97a8904890a2adfd4ee81cb8faa20ab9,5357,size_in_bytes,lib/ocaml/compiler-libs/peephole_utils.cmti,41830
2026-02-06T15:02:15Z,7e7d5d8c97a8904890a2adfd4ee81cb8faa20ab9,5357,size_in_bytes,lib/ocaml/compiler-libs/mtype.cmti,45420
2026-02-06T15:02:15Z,7e7d5d8c97a8904890a2adfd4ee81cb8faa20ab9,5357,size_in_bytes,lib/ocaml/compiler-libs/printoperation.cmti,30087
2026-02-06T15:02:15Z,7e7d5d8c97a8904890a2adfd4ee81cb8faa20ab9,5357,size_in_bytes,lib/ocaml/compiler-libs/regalloc_invariants.cmti,30628
2026-02-06T15:02:15Z,7e7d5d8c97a8904890a2adfd4ee81cb8faa20ab9,5357,size_in_bytes,lib/ocaml/compiler-libs/flambda2_simplify__Lifted_constant.cmti,61589
2026-02-06T15:02:15Z,7e7d5d8c97a8904890a2adfd4ee81cb8faa20ab9,5357,size_in_bytes,lib/ocaml/compiler-libs/flambda2_simplify__Downwards_env.cmti,132494
2026-02-06T15:02:15Z,7e7d5d8c97a8904890a2adfd4ee81cb8faa20ab9,5357,size_in_bytes,lib/ocaml/compiler-libs/partition_object_files.cmti,19613
2026-02-06T15:02:15Z,7e7d5d8c97a8904890a2adfd4ee81cb8faa20ab9,5357,size_in_bytes,lib/ocaml/compiler-libs/internal_assembler.cmti,15262
2026-02-06T15:02:15Z,7e7d5d8c97a8904890a2adfd4ee81cb8faa20ab9,5357,size_in_bytes,lib/ocaml/compiler-libs/cfg_dominators.cmti,40175
2026-02-06T15:02:15Z,7e7d5d8c97a8904890a2adfd4ee81cb8faa20ab9,5357,size_in_bytes,lib/ocaml/compiler-libs/flambda2_datalog__Cursor.cmti,69320
2026-02-06T15:02:15Z,7e7d5d8c97a8904890a2adfd4ee81cb8faa20ab9,5357,size_in_bytes,lib/ocaml/compiler-libs/dwarf_abstract_instances.cmti,25512
2026-02-06T15:02:15Z,7e7d5d8c97a8904890a2adfd4ee81cb8faa20ab9,5357,size_in_bytes,lib/ocaml/compiler-libs/flambda2_simplify__Specialization_cost.cmti,35803
2026-02-06T15:02:15Z,7e7d5d8c97a8904890a2adfd4ee81cb8faa20ab9,5357,size_in_bytes,lib/ocaml/compiler-libs/flambda2_simplify__Comparison_result.cmti,27440
2026-02-06T15:02:15Z,7e7d5d8c97a8904890a2adfd4ee81cb8faa20ab9,5357,size_in_bytes,lib/ocaml/compiler-libs/dwarf_state.cmti,42380
2026-02-06T15:02:15Z,7e7d5d8c97a8904890a2adfd4ee81cb8faa20ab9,5357,size_in_bytes,lib/ocaml/compiler-libs/language_extension_kernel.cmti,16654
2026-02-06T15:02:15Z,7e7d5d8c97a8904890a2adfd4ee81cb8faa20ab9,5357,size_in_bytes,lib/ocaml/compiler-libs/flambda2_term_basics__Or_invalid.cmti,15725
2026-02-06T15:02:15Z,7e7d5d8c97a8904890a2adfd4ee81cb8faa20ab9,5357,size_in_bytes,lib/ocaml/compiler-libs/includecore.cmti,74798
2026-02-06T15:02:15Z,7e7d5d8c97a8904890a2adfd4ee81cb8faa20ab9,5357,size_in_bytes,lib/ocaml/compiler-libs/bytesections.cmti,28464
2026-02-06T15:02:15Z,7e7d5d8c97a8904890a2adfd4ee81cb8faa20ab9,5357,size_in_bytes,lib/ocaml/compiler-libs/includemod.cmti,156034
2026-02-06T15:02:15Z,7e7d5d8c97a8904890a2adfd4ee81cb8faa20ab9,5357,size_in_bytes,lib/ocaml/compiler-libs/slambdaeval.cmti,12821
2026-02-06T15:02:15Z,7e7d5d8c97a8904890a2adfd4ee81cb8faa20ab9,5357,size_in_bytes,lib/ocaml/compiler-libs/flambda2_terms__Zero_alloc_attribute.cmti,28647
2026-02-06T15:02:15Z,7e7d5d8c97a8904890a2adfd4ee81cb8faa20ab9,5357,size_in_bytes,lib/ocaml/compiler-libs/flambda2_types__Join_levels.cmti,27121
2026-02-06T15:02:15Z,7e7d5d8c97a8904890a2adfd4ee81cb8faa20ab9,5357,size_in_bytes,lib/ocaml/compiler-libs/flambda2_simplify__Inlining_transforms.cmti,33890
2026-02-06T15:02:15Z,7e7d5d8c97a8904890a2adfd4ee81cb8faa20ab9,5357,size_in_bytes,lib/ocaml/compiler-libs/regalloc_stack_operands.cmti,31994
2026-02-06T15:02:15Z,7e7d5d8c97a8904890a2adfd4ee81cb8faa20ab9,5357,size_in_bytes,lib/ocaml/compiler-libs/solver_intf.cmti,205897
2026-02-06T15:02:15Z,7e7d5d8c97a8904890a2adfd4ee81cb8faa20ab9,5357,size_in_bytes,lib/ocaml/compiler-libs/dwarf_reg_locations.cmti,30411
2026-02-06T15:02:15Z,7e7d5d8c97a8904890a2adfd4ee81cb8faa20ab9,5357,size_in_bytes,lib/ocaml/compiler-libs/flambda2_identifiers__Rec_info_expr0.cmti,42890
2026-02-06T15:02:15Z,7e7d5d8c97a8904890a2adfd4ee81cb8faa20ab9,5357,size_in_bytes,lib/ocaml/compiler-libs/binary_emitter_verify.cmti,28265
2026-02-06T15:02:15Z,7e7d5d8c97a8904890a2adfd4ee81cb8faa20ab9,5357,size_in_bytes,lib/ocaml/compiler-libs/flambda2_terms__Cost_metrics.cmti,38770
2026-02-06T15:02:15Z,7e7d5d8c97a8904890a2adfd4ee81cb8faa20ab9,5357,size_in_bytes,lib/ocaml/compiler-libs/afl_instrument.cmti,29918
2026-02-06T15:02:15Z,7e7d5d8c97a8904890a2adfd4ee81cb8faa20ab9,5357,size_in_bytes,lib/ocaml/compiler-libs/cfg_dataflow.cmti,69973
2026-02-06T15:02:15Z,7e7d5d8c97a8904890a2adfd4ee81cb8faa20ab9,5357,size_in_bytes,lib/ocaml/compiler-libs/reg_class_utils.cmti,46397
2026-02-06T15:02:15Z,7e7d5d8c97a8904890a2adfd4ee81cb8faa20ab9,5357,size_in_bytes,lib/ocaml/compiler-libs/cfg_liveness.cmti,41816
2026-02-06T15:02:15Z,7e7d5d8c97a8904890a2adfd4ee81cb8faa20ab9,5357,size_in_bytes,lib/ocaml/compiler-libs/lazy_backtrack.cmti,19595
2026-02-06T15:02:15Z,7e7d5d8c97a8904890a2adfd4ee81cb8faa20ab9,5357,size_in_bytes,lib/ocaml/compiler-libs/datarepr.cmti,21917
2026-02-06T15:02:15Z,7e7d5d8c97a8904890a2adfd4ee81cb8faa20ab9,5357,size_in_bytes,lib/ocaml/compiler-libs/flambda2_identifiers__Coercion0.cmti,29064
2026-02-06T15:02:15Z,7e7d5d8c97a8904890a2adfd4ee81cb8faa20ab9,5357,size_in_bytes,lib/ocaml/compiler-libs/lambda.cmti,475765
2026-02-06T15:02:15Z,7e7d5d8c97a8904890a2adfd4ee81cb8faa20ab9,5357,size_in_bytes,lib/ocaml/compiler-libs/mixed_block_shape.cmti,33261
2026-02-06T15:02:15Z,7e7d5d8c97a8904890a2adfd4ee81cb8faa20ab9,5357,size_in_bytes,lib/ocaml/compiler-libs/flambda2_from_lambda__Lambda_to_flambda_primitives.cmti,36007
2026-02-06T15:02:15Z,7e7d5d8c97a8904890a2adfd4ee81cb8faa20ab9,5357,size_in_bytes,lib/ocaml/compiler-libs/flambda2_bound_identifiers__Bound_var.cmti,29414
2026-02-06T15:02:15Z,7e7d5d8c97a8904890a2adfd4ee81cb8faa20ab9,5357,size_in_bytes,lib/ocaml/compiler-libs/arrayset.cmti,24381
2026-02-06T15:02:15Z,7e7d5d8c97a8904890a2adfd4ee81cb8faa20ab9,5357,size_in_bytes,lib/ocaml/compiler-libs/flambda2_terms__Inlining_state.cmti,31372
2026-02-06T15:02:15Z,7e7d5d8c97a8904890a2adfd4ee81cb8faa20ab9,5357,size_in_bytes,lib/ocaml/compiler-libs/flambda2_types__Aliases.cmti,55404
2026-02-06T15:02:15Z,7e7d5d8c97a8904890a2adfd4ee81cb8faa20ab9,5357,size_in_bytes,lib/ocaml/compiler-libs/longident.cmti,15760
2026-02-06T15:02:15Z,7e7d5d8c97a8904890a2adfd4ee81cb8faa20ab9,5357,size_in_bytes,lib/ocaml/compiler-libs/flambda2_types__Cached_level.cmti,40436
2026-02-06T15:02:15Z,7e7d5d8c97a8904890a2adfd4ee81cb8faa20ab9,5357,size_in_bytes,lib/ocaml/compiler-libs/flambda2_term_basics__Value_slot_set.cmti,144370
2026-02-06T15:02:15Z,7e7d5d8c97a8904890a2adfd4ee81cb8faa20ab9,5357,size_in_bytes,lib/ocaml/compiler-libs/flambda2_terms__Flambda_unit.cmti,37370
2026-02-06T15:02:15Z,7e7d5d8c97a8904890a2adfd4ee81cb8faa20ab9,5357,size_in_bytes,lib/ocaml/compiler-libs/flambda2_simplify__Flow_analysis.cmti,33048
2026-02-06T15:02:15Z,7e7d5d8c97a8904890a2adfd4ee81cb8faa20ab9,5357,size_in_bytes,lib/ocaml/compiler-libs/parmatch.cmti,54936
2026-02-06T15:02:15Z,7e7d5d8c97a8904890a2adfd4ee81cb8faa20ab9,5357,size_in_bytes,lib/ocaml/compiler-libs/linear_format.cmti,35253
2026-02-06T15:02:15Z,7e7d5d8c97a8904890a2adfd4ee81cb8faa20ab9,5357,size_in_bytes,lib/ocaml/compiler-libs/location.cmti,123810
2026-02-06T15:02:15Z,7e7d5d8c97a8904890a2adfd4ee81cb8faa20ab9,5357,size_in_bytes,lib/ocaml/compiler-libs/flambda2_terms__Inline_attribute.cmti,27815
2026-02-06T15:02:15Z,7e7d5d8c97a8904890a2adfd4ee81cb8faa20ab9,5357,size_in_bytes,lib/ocaml/compiler-libs/mode_intf.cmti,1307750
2026-02-06T15:02:15Z,7e7d5d8c97a8904890a2adfd4ee81cb8faa20ab9,5357,size_in_bytes,lib/ocaml/compiler-libs/flambda2_simplify__Lifted_cont_params.cmti,37433
2026-02-06T15:02:15Z,7e7d5d8c97a8904890a2adfd4ee81cb8faa20ab9,5357,size_in_bytes,lib/ocaml/compiler-libs/regalloc_gi.cmti,30078
2026-02-06T15:02:15Z,7e7d5d8c97a8904890a2adfd4ee81cb8faa20ab9,5357,size_in_bytes,lib/ocaml/compiler-libs/priority_queue.cmti,26178
2026-02-06T15:02:15Z,7e7d5d8c97a8904890a2adfd4ee81cb8faa20ab9,5357,size_in_bytes,lib/ocaml/compiler-libs/compilation_unit.cmti,418302
2026-02-06T15:02:15Z,7e7d5d8c97a8904890a2adfd4ee81cb8faa20ab9,5357,size_in_bytes,lib/ocaml/compiler-libs/flambda2_to_cmm__To_cmm_set_of_closures.cmti,41427
2026-02-06T15:02:15Z,7e7d5d8c97a8904890a2adfd4ee81cb8faa20ab9,5357,size_in_bytes,lib/ocaml/compiler-libs/regalloc_split.cmti,30836
2026-02-06T15:02:15Z,7e7d5d8c97a8904890a2adfd4ee81cb8faa20ab9,5357,size_in_bytes,lib/ocaml/compiler-libs/printlinear.cmti,35823
2026-02-06T15:02:15Z,7e7d5d8c97a8904890a2adfd4ee81cb8faa20ab9,5357,size_in_bytes,lib/ocaml/compiler-libs/flambda2_lattices__Or_unknown_or_bottom.cmti,23347
2026-02-06T15:02:15Z,7e7d5d8c97a8904890a2adfd4ee81cb8faa20ab9,5357,size_in_bytes,lib/ocaml/compiler-libs/ctype.cmti,304661
2026-02-06T15:02:15Z,7e7d5d8c97a8904890a2adfd4ee81cb8faa20ab9,5357,size_in_bytes,lib/ocaml/compiler-libs/regalloc_interf_graph.cmti,72093
2026-02-06T15:02:15Z,7e7d5d8c97a8904890a2adfd4ee81cb8faa20ab9,5357,size_in_bytes,lib/ocaml/compiler-libs/includemod_errorprinter.cmti,14366
2026-02-06T15:02:15Z,7e7d5d8c97a8904890a2adfd4ee81cb8faa20ab9,5357,size_in_bytes,lib/ocaml/compiler-libs/env.cmti,364184
2026-02-06T15:02:15Z,7e7d5d8c97a8904890a2adfd4ee81cb8faa20ab9,5357,size_in_bytes,lib/ocaml/compiler-libs/flambda2_bound_identifiers__Bound_for_function.cmti,33653
2026-02-06T15:02:15Z,7e7d5d8c97a8904890a2adfd4ee81cb8faa20ab9,5357,size_in_bytes,lib/ocaml/compiler-libs/flambda2_from_lambda__Lambda_to_flambda_primitives_helpers.cmti,53627
2026-02-06T15:02:15Z,7e7d5d8c97a8904890a2adfd4ee81cb8faa20ab9,5357,size_in_bytes,lib/ocaml/compiler-libs/flambda2_types__Provers.cmti,119778
2026-02-06T15:02:15Z,7e7d5d8c97a8904890a2adfd4ee81cb8faa20ab9,5357,size_in_bytes,lib/ocaml/compiler-libs/ast_mapper.cmti,93679
2026-02-06T15:02:15Z,7e7d5d8c97a8904890a2adfd4ee81cb8faa20ab9,5357,size_in_bytes,lib/ocaml/compiler-libs/dwarf_name_laundry.cmti,18792
2026-02-06T15:02:15Z,7e7d5d8c97a8904890a2adfd4ee81cb8faa20ab9,5357,size_in_bytes,lib/ocaml/compiler-libs/dwarf_compilation_unit.cmti,16226
2026-02-06T15:02:15Z,7e7d5d8c97a8904890a2adfd4ee81cb8faa20ab9,5357,size_in_bytes,lib/ocaml/compiler-libs/asmgen.cmti,47947
2026-02-06T15:02:15Z,7e7d5d8c97a8904890a2adfd4ee81cb8faa20ab9,5357,size_in_bytes,lib/ocaml/compiler-libs/mode_hint.cmti,57843
2026-02-06T15:02:15Z,7e7d5d8c97a8904890a2adfd4ee81cb8faa20ab9,5357,size_in_bytes,lib/ocaml/compiler-libs/dwarf_concrete_instances.cmti,35751
2026-02-06T15:02:15Z,7e7d5d8c97a8904890a2adfd4ee81cb8faa20ab9,5357,size_in_bytes,lib/ocaml/compiler-libs/jit_backend.cmti,63557
2026-02-06T15:02:15Z,7e7d5d8c97a8904890a2adfd4ee81cb8faa20ab9,5357,size_in_bytes,lib/ocaml/compiler-libs/flambda2_reaper__Dep_solver.cmti,58870
2026-02-06T15:02:15Z,7e7d5d8c97a8904890a2adfd4ee81cb8faa20ab9,5357,size_in_bytes,lib/ocaml/compiler-libs/flambda2_terms__Inlining_history.cmti,54579
2026-02-06T15:02:15Z,7e7d5d8c97a8904890a2adfd4ee81cb8faa20ab9,5357,size_in_bytes,lib/ocaml/compiler-libs/compmisc.cmti,22416
2026-02-06T15:02:15Z,7e7d5d8c97a8904890a2adfd4ee81cb8faa20ab9,5357,size_in_bytes,lib/ocaml/compiler-libs/build_igot_and_iplt.cmti,23056
2026-02-06T15:02:15Z,7e7d5d8c97a8904890a2adfd4ee81cb8faa20ab9,5357,size_in_bytes,lib/ocaml/compiler-libs/flambda2_simplify__Flow_acc.cmti,61936
2026-02-06T15:02:15Z,7e7d5d8c97a8904890a2adfd4ee81cb8faa20ab9,5357,size_in_bytes,lib/ocaml/compiler-libs/regalloc_gi_state.cmti,41266
2026-02-06T15:02:15Z,7e7d5d8c97a8904890a2adfd4ee81cb8faa20ab9,5357,size_in_bytes,lib/ocaml/compiler-libs/partial_link.cmti,18174
2026-02-06T15:02:15Z,7e7d5d8c97a8904890a2adfd4ee81cb8faa20ab9,5357,size_in_bytes,lib/ocaml/compiler-libs/flambda2_parser__Fexpr_prim_descr.cmti,99788
2026-02-06T15:02:15Z,7e7d5d8c97a8904890a2adfd4ee81cb8faa20ab9,5357,size_in_bytes,lib/ocaml/compiler-libs/flambda2_simplify__Call_site_inlining_decision.cmti,36439
2026-02-06T15:02:15Z,7e7d5d8c97a8904890a2adfd4ee81cb8faa20ab9,5357,size_in_bytes,lib/ocaml/compiler-libs/flambda2_terms__Coeffects.cmti,28399
2026-02-06T15:02:15Z,7e7d5d8c97a8904890a2adfd4ee81cb8faa20ab9,5357,size_in_bytes,lib/ocaml/compiler-libs/bytepackager.cmti,17697
2026-02-06T15:02:15Z,7e7d5d8c97a8904890a2adfd4ee81cb8faa20ab9,5357,size_in_bytes,lib/ocaml/compiler-libs/backend_var.cmti,76569
2026-02-06T15:02:15Z,7e7d5d8c97a8904890a2adfd4ee81cb8faa20ab9,5357,size_in_bytes,lib/ocaml/compiler-libs/dwarf_variables_and_parameters.cmti,36973
2026-02-06T15:02:15Z,7e7d5d8c97a8904890a2adfd4ee81cb8faa20ab9,5357,size_in_bytes,lib/ocaml/compiler-libs/flambda2_types__Join_env.cmti,45733
2026-02-06T15:02:15Z,7e7d5d8c97a8904890a2adfd4ee81cb8faa20ab9,5357,size_in_bytes,lib/ocaml/compiler-libs/flambda2_to_cmm__To_cmm_expr.cmti,30432
2026-02-06T15:02:15Z,7e7d5d8c97a8904890a2adfd4ee81cb8faa20ab9,5357,size_in_bytes,lib/ocaml/compiler-libs/stypes.cmti,19902
2026-02-06T15:02:15Z,7e7d5d8c97a8904890a2adfd4ee81cb8faa20ab9,5357,size_in_bytes,lib/ocaml/compiler-libs/linear.cmti,57639
2026-02-06T15:02:15Z,7e7d5d8c97a8904890a2adfd4ee81cb8faa20ab9,5357,size_in_bytes,lib/ocaml/compiler-libs/debug_event.cmti,29543
2026-02-06T15:02:15Z,7e7d5d8c97a8904890a2adfd4ee81cb8faa20ab9,5357,size_in_bytes,lib/ocaml/compiler-libs/flambda2_types__Meet_and_join.cmti,28824
2026-02-06T15:02:15Z,7e7d5d8c97a8904890a2adfd4ee81cb8faa20ab9,5357,size_in_bytes,lib/ocaml/compiler-libs/flambda2_term_basics__Or_variable.cmti,30501
2026-02-06T15:02:15Z,7e7d5d8c97a8904890a2adfd4ee81cb8faa20ab9,5357,size_in_bytes,lib/ocaml/compiler-libs/numbers.cmti,356684
2026-02-06T15:02:15Z,7e7d5d8c97a8904890a2adfd4ee81cb8faa20ab9,5357,size_in_bytes,lib/ocaml/compiler-libs/diffing.cmti,41100
2026-02-06T15:02:15Z,7e7d5d8c97a8904890a2adfd4ee81cb8faa20ab9,5357,size_in_bytes,lib/ocaml/compiler-libs/flambda2_classic_mode_types__Value_approximation.cmti,27883
2026-02-06T15:02:15Z,7e7d5d8c97a8904890a2adfd4ee81cb8faa20ab9,5357,size_in_bytes,lib/ocaml/compiler-libs/symtable.cmti,169183
2026-02-06T15:02:15Z,7e7d5d8c97a8904890a2adfd4ee81cb8faa20ab9,5357,size_in_bytes,lib/ocaml/compiler-libs/flambda2_terms__Apply_cont_expr.cmti,165016
2026-02-06T15:02:15Z,7e7d5d8c97a8904890a2adfd4ee81cb8faa20ab9,5357,size_in_bytes,lib/ocaml/compiler-libs/select_utils.cmti,124796
2026-02-06T15:02:15Z,7e7d5d8c97a8904890a2adfd4ee81cb8faa20ab9,5357,size_in_bytes,lib/ocaml/compiler-libs/flambda2_types__More_type_creators.cmti,86769
2026-02-06T15:02:15Z,7e7d5d8c97a8904890a2adfd4ee81cb8faa20ab9,5357,size_in_bytes,lib/ocaml/compiler-libs/types.cmti,556714
2026-02-06T15:02:15Z,7e7d5d8c97a8904890a2adfd4ee81cb8faa20ab9,5357,size_in_bytes,lib/ocaml/compiler-libs/flambda2_terms__Call_kind.cmti,60076
2026-02-06T15:02:15Z,7e7d5d8c97a8904890a2adfd4ee81cb8faa20ab9,5357,size_in_bytes,lib/ocaml/compiler-libs/flambda2_reaper__Global_flow_graph.cmti,67118
2026-02-06T15:02:15Z,7e7d5d8c97a8904890a2adfd4ee81cb8faa20ab9,5357,size_in_bytes,lib/ocaml/compiler-libs/instructionId.cmti,143075
2026-02-06T15:02:15Z,7e7d5d8c97a8904890a2adfd4ee81cb8faa20ab9,5357,size_in_bytes,lib/ocaml/compiler-libs/cmm_builtins.cmti,31485
2026-02-06T15:02:15Z,7e7d5d8c97a8904890a2adfd4ee81cb8faa20ab9,5357,size_in_bytes,lib/ocaml/compiler-libs/flambda2_simplify__Simplify_named_result.cmti,39740
2026-02-06T15:02:15Z,7e7d5d8c97a8904890a2adfd4ee81cb8faa20ab9,5357,size_in_bytes,lib/ocaml/compiler-libs/binutils.cmti,14279
2026-02-06T15:02:15Z,7e7d5d8c97a8904890a2adfd4ee81cb8faa20ab9,5357,size_in_bytes,lib/ocaml/compiler-libs/flambda2_terms__Code.cmti,57967
2026-02-06T15:02:15Z,7e7d5d8c97a8904890a2adfd4ee81cb8faa20ab9,5357,size_in_bytes,lib/ocaml/compiler-libs/flambda2_terms__Mutability.cmti,28800
2026-02-06T15:02:15Z,7e7d5d8c97a8904890a2adfd4ee81cb8faa20ab9,5357,size_in_bytes,lib/ocaml/compiler-libs/translattribute.cmti,25087
2026-02-06T15:02:15Z,7e7d5d8c97a8904890a2adfd4ee81cb8faa20ab9,5357,size_in_bytes,lib/ocaml/compiler-libs/topdirs.cmti,20838
2026-02-06T15:02:15Z,7e7d5d8c97a8904890a2adfd4ee81cb8faa20ab9,5357,size_in_bytes,lib/ocaml/compiler-libs/domainstate.cmti,20056
2026-02-06T15:02:15Z,7e7d5d8c97a8904890a2adfd4ee81cb8faa20ab9,5357,size_in_bytes,lib/ocaml/compiler-libs/flambda2_reaper__Rebuilt_expr.cmti,39545
2026-02-06T15:02:15Z,7e7d5d8c97a8904890a2adfd4ee81cb8faa20ab9,5357,size_in_bytes,lib/ocaml/compiler-libs/regalloc_split_state.cmti,37178
2026-02-06T15:02:15Z,7e7d5d8c97a8904890a2adfd4ee81cb8faa20ab9,5357,size_in_bytes,lib/ocaml/compiler-libs/cfg_cse.cmti,31378
2026-02-06T15:02:15Z,7e7d5d8c97a8904890a2adfd4ee81cb8faa20ab9,5357,size_in_bytes,lib/ocaml/compiler-libs/translobj.cmti,23918
2026-02-06T15:02:15Z,7e7d5d8c97a8904890a2adfd4ee81cb8faa20ab9,5357,size_in_bytes,lib/ocaml/compiler-libs/build_path_prefix_map.cmti,22042
2026-02-06T15:02:15Z,7e7d5d8c97a8904890a2adfd4ee81cb8faa20ab9,5357,size_in_bytes,lib/ocaml/compiler-libs/cfg_format.cmti,36143
2026-02-06T15:02:15Z,7e7d5d8c97a8904890a2adfd4ee81cb8faa20ab9,5357,size_in_bytes,lib/ocaml/compiler-libs/binary_emitter_helpers.cmti,16147
2026-02-06T15:02:15Z,7e7d5d8c97a8904890a2adfd4ee81cb8faa20ab9,5357,size_in_bytes,lib/ocaml/compiler-libs/flambda2_to_cmm__To_cmm_static.cmti,34213
2026-02-06T15:02:15Z,7e7d5d8c97a8904890a2adfd4ee81cb8faa20ab9,5357,size_in_bytes,lib/ocaml/compiler-libs/includeclass.cmti,18836
2026-02-06T15:02:15Z,7e7d5d8c97a8904890a2adfd4ee81cb8faa20ab9,5357,size_in_bytes,lib/ocaml/compiler-libs/flambda2_identifiers__Apply_cont_rewrite_id.cmti,137731
2026-02-06T15:02:15Z,7e7d5d8c97a8904890a2adfd4ee81cb8faa20ab9,5357,size_in_bytes,lib/ocaml/compiler-libs/flambda2_numbers__Or_infinity.cmti,18046
2026-02-06T15:02:15Z,7e7d5d8c97a8904890a2adfd4ee81cb8faa20ab9,5357,size_in_bytes,lib/ocaml/compiler-libs/typecore.cmti,150672
2026-02-06T15:02:15Z,7e7d5d8c97a8904890a2adfd4ee81cb8faa20ab9,5357,size_in_bytes,lib/ocaml/compiler-libs/signature_with_global_bindings.cmti,18015
2026-02-06T15:02:15Z,7e7d5d8c97a8904890a2adfd4ee81cb8faa20ab9,5357,size_in_bytes,lib/ocaml/compiler-libs/regalloc_rewrite.cmti,43970
2026-02-06T15:02:15Z,7e7d5d8c97a8904890a2adfd4ee81cb8faa20ab9,5357,size_in_bytes,lib/ocaml/compiler-libs/flambda2_identifiers__Reg_width_const.cmti,51832
2026-02-06T15:02:15Z,7e7d5d8c97a8904890a2adfd4ee81cb8faa20ab9,5357,size_in_bytes,lib/ocaml/compiler-libs/typedecl_variance.cmti,34092
2026-02-06T15:02:15Z,7e7d5d8c97a8904890a2adfd4ee81cb8faa20ab9,5357,size_in_bytes,lib/ocaml/compiler-libs/flambda2_to_cmm__To_cmm_effects.cmti,42213
2026-02-06T15:02:15Z,7e7d5d8c97a8904890a2adfd4ee81cb8faa20ab9,5357,size_in_bytes,lib/ocaml/compiler-libs/linker_script.cmti,15017
2026-02-06T15:02:15Z,7e7d5d8c97a8904890a2adfd4ee81cb8faa20ab9,5357,size_in_bytes,lib/ocaml/compiler-libs/flambda2_simplify__Simplify_switch_expr.cmti,32741
2026-02-06T15:02:15Z,7e7d5d8c97a8904890a2adfd4ee81cb8faa20ab9,5357,size_in_bytes,lib/ocaml/compiler-libs/flambda2_term_basics__Symbol_projection.cmti,34202
2026-02-06T15:02:15Z,7e7d5d8c97a8904890a2adfd4ee81cb8faa20ab9,5357,size_in_bytes,lib/ocaml/compiler-libs/value_rec_types.cmti,10647
2026-02-06T15:02:15Z,7e7d5d8c97a8904890a2adfd4ee81cb8faa20ab9,5357,size_in_bytes,lib/ocaml/compiler-libs/parsetree.cmti,353124
2026-02-06T15:02:15Z,7e7d5d8c97a8904890a2adfd4ee81cb8faa20ab9,5357,size_in_bytes,lib/ocaml/compiler-libs/flambda2_simplify__Simplify_ternary_primitive.cmti,36052
2026-02-06T15:02:15Z,7e7d5d8c97a8904890a2adfd4ee81cb8faa20ab9,5357,size_in_bytes,lib/ocaml/compiler-libs/regalloc_utils.cmti,303161
2026-02-06T15:02:15Z,7e7d5d8c97a8904890a2adfd4ee81cb8faa20ab9,5357,size_in_bytes,lib/ocaml/compiler-libs/printast_with_mappings.cmti,18935
2026-02-06T15:02:15Z,7e7d5d8c97a8904890a2adfd4ee81cb8faa20ab9,5357,size_in_bytes,lib/ocaml/compiler-libs/flambda2_simplify__Are_lifting_conts.cmti,38097
2026-02-06T15:02:15Z,7e7d5d8c97a8904890a2adfd4ee81cb8faa20ab9,5357,size_in_bytes,lib/ocaml/compiler-libs/flambda2_simplify__Common_subexpression_elimination.cmti,39050
2026-02-06T15:02:15Z,7e7d5d8c97a8904890a2adfd4ee81cb8faa20ab9,5357,size_in_bytes,lib/ocaml/compiler-libs/maindriver.cmti,10394
2026-02-06T15:02:15Z,7e7d5d8c97a8904890a2adfd4ee81cb8faa20ab9,5357,size_in_bytes,lib/ocaml/compiler-libs/compile_common.cmti,37317
2026-02-06T15:02:15Z,7e7d5d8c97a8904890a2adfd4ee81cb8faa20ab9,5357,size_in_bytes,lib/ocaml/compiler-libs/bytelibrarian.cmti,12982
2026-02-06T15:02:15Z,7e7d5d8c97a8904890a2adfd4ee81cb8faa20ab9,5357,size_in_bytes,lib/ocaml/compiler-libs/primitive.cmti,59658
2026-02-06T15:02:15Z,7e7d5d8c97a8904890a2adfd4ee81cb8faa20ab9,5357,size_in_bytes,lib/ocaml/compiler-libs/fdo_info.cmti,20111
2026-02-06T15:02:15Z,7e7d5d8c97a8904890a2adfd4ee81cb8faa20ab9,5357,size_in_bytes,lib/ocaml/compiler-libs/flambda2_from_lambda__Lambda_to_flambda.cmti,32084
2026-02-06T15:02:15Z,7e7d5d8c97a8904890a2adfd4ee81cb8faa20ab9,5357,size_in_bytes,lib/ocaml/compiler-libs/tast_iterator.cmti,63091
2026-02-06T15:02:15Z,7e7d5d8c97a8904890a2adfd4ee81cb8faa20ab9,5357,size_in_bytes,lib/ocaml/compiler-libs/branch_relaxation_intf.cmti,37838
2026-02-06T15:02:15Z,7e7d5d8c97a8904890a2adfd4ee81cb8faa20ab9,5357,size_in_bytes,lib/ocaml/compiler-libs/typeclass.cmti,55799
2026-02-06T15:02:15Z,7e7d5d8c97a8904890a2adfd4ee81cb8faa20ab9,5357,size_in_bytes,lib/ocaml/compiler-libs/flambda2_simplify__Simplify_variadic_primitive.cmti,34729
2026-02-06T15:02:15Z,7e7d5d8c97a8904890a2adfd4ee81cb8faa20ab9,5357,size_in_bytes,lib/ocaml/compiler-libs/flambda2_types__Traversals.cmti,228507
2026-02-06T15:02:15Z,7e7d5d8c97a8904890a2adfd4ee81cb8faa20ab9,5357,size_in_bytes,lib/ocaml/compiler-libs/printcmm.cmti,47132
2026-02-06T15:02:15Z,7e7d5d8c97a8904890a2adfd4ee81cb8faa20ab9,5357,size_in_bytes,lib/ocaml/compiler-libs/cfg_polling.cmti,31275
2026-02-06T15:02:15Z,7e7d5d8c97a8904890a2adfd4ee81cb8faa20ab9,5357,size_in_bytes,lib/ocaml/compiler-libs/regalloc_ls_state.cmti,45830
2026-02-06T15:02:15Z,7e7d5d8c97a8904890a2adfd4ee81cb8faa20ab9,5357,size_in_bytes,lib/ocaml/compiler-libs/flambda2_parser__Flambda_parser_messages.cmti,10575
2026-02-06T15:02:15Z,7e7d5d8c97a8904890a2adfd4ee81cb8faa20ab9,5357,size_in_bytes,lib/ocaml/compiler-libs/misc.cmti,641874
2026-02-06T15:02:15Z,7e7d5d8c97a8904890a2adfd4ee81cb8faa20ab9,5357,size_in_bytes,lib/ocaml/compiler-libs/flambda2_simplify__Apply_cont_rewrite.cmti,41337
2026-02-06T15:02:15Z,7e7d5d8c97a8904890a2adfd4ee81cb8faa20ab9,5357,size_in_bytes,lib/ocaml/compiler-libs/complex_shape.cmti,33056
2026-02-06T15:02:15Z,7e7d5d8c97a8904890a2adfd4ee81cb8faa20ab9,5357,size_in_bytes,lib/ocaml/compiler-libs/flambda2_compare__Compare.cmti,30568
2026-02-06T15:02:15Z,7e7d5d8c97a8904890a2adfd4ee81cb8faa20ab9,5357,size_in_bytes,lib/ocaml/compiler-libs/flambda2_simplify__One_continuation_use.cmti,36286
2026-02-06T15:02:15Z,7e7d5d8c97a8904890a2adfd4ee81cb8faa20ab9,5357,size_in_bytes,lib/ocaml/compiler-libs/asm_targets__Asm_section.cmti,46644
2026-02-06T15:02:15Z,7e7d5d8c97a8904890a2adfd4ee81cb8faa20ab9,5357,size_in_bytes,lib/ocaml/compiler-libs/signature_group.cmti,34215
2026-02-06T15:02:15Z,7e7d5d8c97a8904890a2adfd4ee81cb8faa20ab9,5357,size_in_bytes,lib/ocaml/compiler-libs/flambda2_simplify__Data_flow_graph.cmti,30051
2026-02-06T15:02:15Z,7e7d5d8c97a8904890a2adfd4ee81cb8faa20ab9,5357,size_in_bytes,lib/ocaml/compiler-libs/flambda2_datalog.cmti,408941
2026-02-06T15:02:15Z,7e7d5d8c97a8904890a2adfd4ee81cb8faa20ab9,5357,size_in_bytes,lib/ocaml/compiler-libs/flambda2_algorithms__Patricia_tree.cmti,172597
2026-02-06T15:02:15Z,7e7d5d8c97a8904890a2adfd4ee81cb8faa20ab9,5357,size_in_bytes,lib/ocaml/compiler-libs/x86_masm.cmti,13481
2026-02-06T15:02:15Z,7e7d5d8c97a8904890a2adfd4ee81cb8faa20ab9,5357,size_in_bytes,lib/ocaml/compiler-libs/flambda2_from_lambda__Closure_conversion_aux.cmti,214563
2026-02-06T15:02:15Z,7e7d5d8c97a8904890a2adfd4ee81cb8faa20ab9,5357,size_in_bytes,lib/ocaml/compiler-libs/flambda2_simplify__Simplify_apply_cont_expr.cmti,32785
2026-02-06T15:02:15Z,7e7d5d8c97a8904890a2adfd4ee81cb8faa20ab9,5357,size_in_bytes,lib/ocaml/compiler-libs/flambda2_terms__Regalloc_attribute.cmti,26948
2026-02-06T15:02:15Z,7e7d5d8c97a8904890a2adfd4ee81cb8faa20ab9,5357,size_in_bytes,lib/ocaml/compiler-libs/x86_dsl.cmti,87297
2026-02-06T15:02:15Z,7e7d5d8c97a8904890a2adfd4ee81cb8faa20ab9,5357,size_in_bytes,lib/ocaml/compiler-libs/flambda2_simplify__Simplify_coercion.cmti,32374
2026-02-06T15:02:15Z,7e7d5d8c97a8904890a2adfd4ee81cb8faa20ab9,5357,size_in_bytes,lib/ocaml/compiler-libs/flambda2_identifiers__Name.cmti,167759
2026-02-06T15:02:15Z,7e7d5d8c97a8904890a2adfd4ee81cb8faa20ab9,5357,size_in_bytes,lib/ocaml/compiler-libs/regalloc_irc_state.cmti,105459
2026-02-06T15:02:15Z,7e7d5d8c97a8904890a2adfd4ee81cb8faa20ab9,5357,size_in_bytes,lib/ocaml/compiler-libs/flambda2_simplify__Unboxers.cmti,46881
2026-02-06T15:02:15Z,7e7d5d8c97a8904890a2adfd4ee81cb8faa20ab9,5357,size_in_bytes,lib/ocaml/compiler-libs/flambda2_lattices__Or_bottom.cmti,24476
2026-02-06T15:02:15Z,7e7d5d8c97a8904890a2adfd4ee81cb8faa20ab9,5357,size_in_bytes,lib/ocaml/compiler-libs/measure_object_files.cmti,23945
2026-02-06T15:02:15Z,7e7d5d8c97a8904890a2adfd4ee81cb8faa20ab9,5357,size_in_bytes,lib/ocaml/compiler-libs/flambda2_nominal__Num_occurrences.cmti,12287
2026-02-06T15:02:15Z,7e7d5d8c97a8904890a2adfd4ee81cb8faa20ab9,5357,size_in_bytes,lib/ocaml/compiler-libs/regalloc_validate.cmti,34219
2026-02-06T15:02:15Z,7e7d5d8c97a8904890a2adfd4ee81cb8faa20ab9,5357,size_in_bytes,lib/ocaml/compiler-libs/relocation_entry.cmti,16378
2026-02-06T15:02:15Z,7e7d5d8c97a8904890a2adfd4ee81cb8faa20ab9,5357,size_in_bytes,lib/ocaml/compiler-libs/flambda2_numbers__Target_ocaml_int.cmti,299903
2026-02-06T15:02:15Z,7e7d5d8c97a8904890a2adfd4ee81cb8faa20ab9,5357,size_in_bytes,lib/ocaml/compiler-libs/flambda2_terms__Exn_continuation.cmti,159057
2026-02-06T15:02:15Z,7e7d5d8c97a8904890a2adfd4ee81cb8faa20ab9,5357,size_in_bytes,lib/ocaml/compiler-libs/flambda2_datalog__Datalog.cmti,43982
2026-02-06T15:02:15Z,7e7d5d8c97a8904890a2adfd4ee81cb8faa20ab9,5357,size_in_bytes,lib/ocaml/compiler-libs/flambda2_identifiers__Flambda_debug_uid.cmti,146508
2026-02-06T15:02:15Z,7e7d5d8c97a8904890a2adfd4ee81cb8faa20ab9,5357,size_in_bytes,lib/ocaml/compiler-libs/consistbl.cmti,118878
2026-02-06T15:02:15Z,7e7d5d8c97a8904890a2adfd4ee81cb8faa20ab9,5357,size_in_bytes,lib/ocaml/compiler-libs/dwarf_inlined_frames.cmti,36211
2026-02-06T15:02:15Z,7e7d5d8c97a8904890a2adfd4ee81cb8faa20ab9,5357,size_in_bytes,lib/ocaml/compiler-libs/flambda2_kinds__Flambda_kind.cmti,779554
2026-02-06T15:02:15Z,7e7d5d8c97a8904890a2adfd4ee81cb8faa20ab9,5357,size_in_bytes,lib/ocaml/compiler-libs/flambda2_types__Join_levels_old.cmti,26494
2026-02-06T15:02:15Z,7e7d5d8c97a8904890a2adfd4ee81cb8faa20ab9,5357,size_in_bytes,lib/ocaml/compiler-libs/cmmgen_state.cmti,47864
2026-02-06T15:02:15Z,7e7d5d8c97a8904890a2adfd4ee81cb8faa20ab9,5357,size_in_bytes,lib/ocaml/compiler-libs/reg_class.cmti,41799
2026-02-06T15:02:15Z,7e7d5d8c97a8904890a2adfd4ee81cb8faa20ab9,5357,size_in_bytes,lib/ocaml/compiler-libs/flambda2_identifiers__Code_id_or_symbol.cmti,29876
2026-02-06T15:02:15Z,7e7d5d8c97a8904890a2adfd4ee81cb8faa20ab9,5357,size_in_bytes,lib/ocaml/compiler-libs/transl_comprehension_utils.cmti,79995
2026-02-06T15:02:15Z,7e7d5d8c97a8904890a2adfd4ee81cb8faa20ab9,5357,size_in_bytes,lib/ocaml/compiler-libs/regalloc_ls_utils.cmti,71469
2026-02-06T15:02:15Z,7e7d5d8c97a8904890a2adfd4ee81cb8faa20ab9,5357,size_in_bytes,lib/ocaml/compiler-libs/compiler_hooks.cmti,42236
2026-02-06T15:02:15Z,7e7d5d8c97a8904890a2adfd4ee81cb8faa20ab9,5357,size_in_bytes,lib/ocaml/compiler-libs/transl_list_comprehension.cmti,16406
2026-02-06T15:02:15Z,7e7d5d8c97a8904890a2adfd4ee81cb8faa20ab9,5357,size_in_bytes,lib/ocaml/compiler-libs/zero_alloc_checker.cmti,51050
2026-02-06T15:02:15Z,7e7d5d8c97a8904890a2adfd4ee81cb8faa20ab9,5357,size_in_bytes,lib/ocaml/compiler-libs/flambda2_identifiers__Continuation_callsite_map.cmti,19726
2026-02-06T15:02:15Z,7e7d5d8c97a8904890a2adfd4ee81cb8faa20ab9,5357,size_in_bytes,lib/ocaml/compiler-libs/flambda2_simplify__Non_constructed_code.cmti,49159
2026-02-06T15:02:15Z,7e7d5d8c97a8904890a2adfd4ee81cb8faa20ab9,5357,size_in_bytes,lib/ocaml/compiler-libs/vicuna_value_shapes.cmti,25285
2026-02-06T15:02:15Z,7e7d5d8c97a8904890a2adfd4ee81cb8faa20ab9,5357,size_in_bytes,lib/ocaml/compiler-libs/available_ranges_vars.cmti,146595
2026-02-06T15:02:15Z,7e7d5d8c97a8904890a2adfd4ee81cb8faa20ab9,5357,size_in_bytes,lib/ocaml/compiler-libs/cfg_stack_checks.cmti,31027
2026-02-06T15:02:15Z,7e7d5d8c97a8904890a2adfd4ee81cb8faa20ab9,5357,size_in_bytes,lib/ocaml/compiler-libs/flambda2_nominal__Permutation.cmti,19689
2026-02-06T15:02:15Z,7e7d5d8c97a8904890a2adfd4ee81cb8faa20ab9,5357,size_in_bytes,lib/ocaml/compiler-libs/parser.cmti,353802
2026-02-06T15:02:15Z,7e7d5d8c97a8904890a2adfd4ee81cb8faa20ab9,5357,size_in_bytes,lib/ocaml/compiler-libs/flambda2_types__Type_grammar.cmti,385548
2026-02-06T15:02:15Z,7e7d5d8c97a8904890a2adfd4ee81cb8faa20ab9,5357,size_in_bytes,lib/ocaml/compiler-libs/flambda2_terms__Probe.cmti,25561
2026-02-06T15:02:15Z,7e7d5d8c97a8904890a2adfd4ee81cb8faa20ab9,5357,size_in_bytes,lib/ocaml/compiler-libs/instantiator.cmti,32370
2026-02-06T15:02:15Z,7e7d5d8c97a8904890a2adfd4ee81cb8faa20ab9,5357,size_in_bytes,lib/ocaml/compiler-libs/jkind.cmti,436172
2026-02-06T15:02:15Z,7e7d5d8c97a8904890a2adfd4ee81cb8faa20ab9,5357,size_in_bytes,lib/ocaml/compiler-libs/regalloc_gi_utils.cmti,78729
2026-02-06T15:02:15Z,7e7d5d8c97a8904890a2adfd4ee81cb8faa20ab9,5357,size_in_bytes,lib/ocaml/compiler-libs/flambda2_terms__Set_of_closures.cmti,159668
2026-02-06T15:02:15Z,7e7d5d8c97a8904890a2adfd4ee81cb8faa20ab9,5357,size_in_bytes,lib/ocaml/compiler-libs/flambda2_terms__Removed_operations.cmti,32955
2026-02-06T15:02:15Z,7e7d5d8c97a8904890a2adfd4ee81cb8faa20ab9,5357,size_in_bytes,lib/ocaml/compiler-libs/syntaxerr.cmti,20779
2026-02-06T15:02:15Z,7e7d5d8c97a8904890a2adfd4ee81cb8faa20ab9,5357,size_in_bytes,lib/ocaml/compiler-libs/flambda2_datalog__Schedule.cmti,19348
2026-02-06T15:02:15Z,7e7d5d8c97a8904890a2adfd4ee81cb8faa20ab9,5357,size_in_bytes,lib/ocaml/compiler-libs/flambda2_simplify_shared__Call_site_inlining_decision_type.cmti,35339
2026-02-06T15:02:15Z,7e7d5d8c97a8904890a2adfd4ee81cb8faa20ab9,5357,size_in_bytes,lib/ocaml/compiler-libs/builtin_attributes.cmti,91477
2026-02-06T15:02:15Z,7e7d5d8c97a8904890a2adfd4ee81cb8faa20ab9,5357,size_in_bytes,lib/ocaml/compiler-libs/warnings.cmti,72350
2026-02-06T15:02:15Z,7e7d5d8c97a8904890a2adfd4ee81cb8faa20ab9,5357,size_in_bytes,lib/ocaml/compiler-libs/cfg_reducibility.cmti,29196
2026-02-06T15:02:15Z,7e7d5d8c97a8904890a2adfd4ee81cb8faa20ab9,5357,size_in_bytes,lib/ocaml/compiler-libs/regalloc_irc.cmti,30088
2026-02-06T15:02:15Z,7e7d5d8c97a8904890a2adfd4ee81cb8faa20ab9,5357,size_in_bytes,lib/ocaml/compiler-libs/flambda2_simplify__Simplify_rec_info_expr.cmti,40392
2026-02-06T15:02:15Z,7e7d5d8c97a8904890a2adfd4ee81cb8faa20ab9,5357,size_in_bytes,lib/ocaml/compiler-libs/compile.cmti,24069
2026-02-06T15:02:15Z,7e7d5d8c97a8904890a2adfd4ee81cb8faa20ab9,5357,size_in_bytes,lib/ocaml/compiler-libs/depend.cmti,22399
2026-02-06T15:02:15Z,7e7d5d8c97a8904890a2adfd4ee81cb8faa20ab9,5357,size_in_bytes,lib/ocaml/compiler-libs/printinstr.cmti,15767
2026-02-06T15:02:15Z,7e7d5d8c97a8904890a2adfd4ee81cb8faa20ab9,5357,size_in_bytes,lib/ocaml/compiler-libs/cfg_comballoc.cmti,28875
2026-02-06T15:02:15Z,7e7d5d8c97a8904890a2adfd4ee81cb8faa20ab9,5357,size_in_bytes,lib/ocaml/compiler-libs/generic_fns.cmti,72191
2026-02-06T15:02:15Z,7e7d5d8c97a8904890a2adfd4ee81cb8faa20ab9,5357,size_in_bytes,lib/ocaml/compiler-libs/flambda2_simplify__Simplified_named.cmti,42004
2026-02-06T15:02:15Z,7e7d5d8c97a8904890a2adfd4ee81cb8faa20ab9,5357,size_in_bytes,lib/ocaml/compiler-libs/flambda2_nominal__Renaming.cmti,49049
2026-02-06T15:02:15Z,7e7d5d8c97a8904890a2adfd4ee81cb8faa20ab9,5357,size_in_bytes,lib/ocaml/compiler-libs/opterrors.cmti,11673
2026-02-06T15:02:15Z,7e7d5d8c97a8904890a2adfd4ee81cb8faa20ab9,5357,size_in_bytes,lib/ocaml/compiler-libs/cfg_available_regs.cmti,28813
2026-02-06T15:02:15Z,7e7d5d8c97a8904890a2adfd4ee81cb8faa20ab9,5357,size_in_bytes,lib/ocaml/compiler-libs/llvmize.cmti,36777
2026-02-06T15:02:15Z,7e7d5d8c97a8904890a2adfd4ee81cb8faa20ab9,5357,size_in_bytes,lib/ocaml/compiler-libs/solver.cmti,45497
2026-02-06T15:02:15Z,7e7d5d8c97a8904890a2adfd4ee81cb8faa20ab9,5357,size_in_bytes,lib/ocaml/compiler-libs/regalloc_affinity.cmti,34143
2026-02-06T15:02:15Z,7e7d5d8c97a8904890a2adfd4ee81cb8faa20ab9,5357,size_in_bytes,lib/ocaml/compiler-libs/flambda2_term_basics__Continuation_use_kind.cmti,11876
2026-02-06T15:02:15Z,7e7d5d8c97a8904890a2adfd4ee81cb8faa20ab9,5357,size_in_bytes,lib/ocaml/compiler-libs/cfg.cmti,139657
2026-02-06T15:02:15Z,7e7d5d8c97a8904890a2adfd4ee81cb8faa20ab9,5357,size_in_bytes,lib/ocaml/compiler-libs/translprim.cmti,33985
2026-02-06T15:02:15Z,7e7d5d8c97a8904890a2adfd4ee81cb8faa20ab9,5357,size_in_bytes,lib/ocaml/compiler-libs/typedecl.cmti,77510
2026-02-06T15:02:15Z,7e7d5d8c97a8904890a2adfd4ee81cb8faa20ab9,5357,size_in_bytes,lib/ocaml/compiler-libs/flambda2_terms__Function_decl_inlining_decision_type.cmti,33519
2026-02-06T15:02:15Z,7e7d5d8c97a8904890a2adfd4ee81cb8faa20ab9,5357,size_in_bytes,lib/ocaml/compiler-libs/topmain.cmti,9327
2026-02-06T15:02:15Z,7e7d5d8c97a8904890a2adfd4ee81cb8faa20ab9,5357,size_in_bytes,lib/ocaml/compiler-libs/flambda2_identifiers__Continuation.cmti,172963
2026-02-06T15:02:15Z,7e7d5d8c97a8904890a2adfd4ee81cb8faa20ab9,5357,size_in_bytes,lib/ocaml/compiler-libs/string_table.cmti,14422
2026-02-06T15:02:15Z,7e7d5d8c97a8904890a2adfd4ee81cb8faa20ab9,5357,size_in_bytes,lib/ocaml/compiler-libs/flambda2_terms__Effects.cmti,31556
2026-02-06T15:02:15Z,7e7d5d8c97a8904890a2adfd4ee81cb8faa20ab9,5357,size_in_bytes,lib/ocaml/compiler-libs/regalloc_stack_slots.cmti,38906
2026-02-06T15:02:15Z,7e7d5d8c97a8904890a2adfd4ee81cb8faa20ab9,5357,size_in_bytes,lib/ocaml/compiler-libs/flambda2_types__Expand_head.cmti,71433
2026-02-06T15:02:15Z,7e7d5d8c97a8904890a2adfd4ee81cb8faa20ab9,5357,size_in_bytes,lib/ocaml/compiler-libs/flambda2_identifiers__Symbol.cmti,33569
2026-02-06T15:02:15Z,7e7d5d8c97a8904890a2adfd4ee81cb8faa20ab9,5357,size_in_bytes,lib/ocaml/compiler-libs/flambda2_terms__Inlining_arguments.cmti,33385
2026-02-06T15:02:15Z,7e7d5d8c97a8904890a2adfd4ee81cb8faa20ab9,5357,size_in_bytes,lib/ocaml/compiler-libs/cfg_loop_infos.cmti,41993
2026-02-06T15:02:15Z,7e7d5d8c97a8904890a2adfd4ee81cb8faa20ab9,5357,size_in_bytes,lib/ocaml/compiler-libs/form_rewrite_plan.cmti,65186
2026-02-06T15:02:15Z,7e7d5d8c97a8904890a2adfd4ee81cb8faa20ab9,5357,size_in_bytes,lib/ocaml/compiler-libs/location_tracker_formatter.cmti,25123
2026-02-06T15:02:15Z,7e7d5d8c97a8904890a2adfd4ee81cb8faa20ab9,5357,size_in_bytes,lib/ocaml/compiler-libs/flambda2_simplify__Loopify_state.cmti,25756
2026-02-06T15:02:15Z,7e7d5d8c97a8904890a2adfd4ee81cb8faa20ab9,5357,size_in_bytes,lib/ocaml/compiler-libs/flambda2_simplify__Rebuilt_static_const.cmti,89419
2026-02-06T15:02:15Z,7e7d5d8c97a8904890a2adfd4ee81cb8faa20ab9,5357,size_in_bytes,lib/ocaml/compiler-libs/emit.cmti,32302
2026-02-06T15:02:15Z,7e7d5d8c97a8904890a2adfd4ee81cb8faa20ab9,5357,size_in_bytes,lib/ocaml/compiler-libs/untypeast.cmti,68494
2026-02-06T15:02:15Z,7e7d5d8c97a8904890a2adfd4ee81cb8faa20ab9,5357,size_in_bytes,lib/ocaml/compiler-libs/flambda2_simplify__Simplify_static_const.cmti,34818
2026-02-06T15:02:15Z,7e7d5d8c97a8904890a2adfd4ee81cb8faa20ab9,5357,size_in_bytes,lib/ocaml/compiler-libs/ident.cmti,173927
2026-02-06T15:02:15Z,7e7d5d8c97a8904890a2adfd4ee81cb8faa20ab9,5357,size_in_bytes,lib/ocaml/compiler-libs/uniqueness_analysis.cmti,27215
2026-02-06T15:02:15Z,7e7d5d8c97a8904890a2adfd4ee81cb8faa20ab9,5357,size_in_bytes,lib/ocaml/compiler-libs/flambda2_terms__Flambda.cmti,348159
2026-02-06T15:02:15Z,7e7d5d8c97a8904890a2adfd4ee81cb8faa20ab9,5357,size_in_bytes,lib/ocaml/compiler-libs/flambda2_simplify__Simplify_extcall.cmti,35378
2026-02-06T15:02:15Z,7e7d5d8c97a8904890a2adfd4ee81cb8faa20ab9,5357,size_in_bytes,lib/ocaml/compiler-libs/translquote.cmti,16630
2026-02-06T15:02:15Z,7e7d5d8c97a8904890a2adfd4ee81cb8faa20ab9,5357,size_in_bytes,lib/ocaml/compiler-libs/flambda2_nominal__Name_mode.cmti,261024
2026-02-06T15:02:15Z,7e7d5d8c97a8904890a2adfd4ee81cb8faa20ab9,5357,size_in_bytes,lib/ocaml/compiler-libs/type_shape.cmti,39565
2026-02-06T15:02:15Z,7e7d5d8c97a8904890a2adfd4ee81cb8faa20ab9,5357,size_in_bytes,lib/ocaml/compiler-libs/flambda2_to_jsir__To_jsir_env.cmti,75950
2026-02-06T15:02:15Z,7e7d5d8c97a8904890a2adfd4ee81cb8faa20ab9,5357,size_in_bytes,lib/ocaml/compiler-libs/linear_utils.cmti,33201
2026-02-06T15:02:15Z,7e7d5d8c97a8904890a2adfd4ee81cb8faa20ab9,5357,size_in_bytes,lib/ocaml/compiler-libs/flambda2_simplify__Downwards_acc.cmti,100044
2026-02-06T15:02:15Z,7e7d5d8c97a8904890a2adfd4ee81cb8faa20ab9,5357,size_in_bytes,lib/ocaml/compiler-libs/flambda2_to_jsir__To_jsir_shared.cmti,46609
2026-02-06T15:02:15Z,7e7d5d8c97a8904890a2adfd4ee81cb8faa20ab9,5357,size_in_bytes,lib/ocaml/compiler-libs/branch_relaxation.cmti,31799
2026-02-06T15:02:15Z,7e7d5d8c97a8904890a2adfd4ee81cb8faa20ab9,5357,size_in_bytes,lib/ocaml/compiler-libs/flambda2_simplify__Simplify_primitive_result.cmti,45792
2026-02-06T15:02:15Z,7e7d5d8c97a8904890a2adfd4ee81cb8faa20ab9,5357,size_in_bytes,lib/ocaml/compiler-libs/config.cmti,73586
2026-02-06T15:02:15Z,7e7d5d8c97a8904890a2adfd4ee81cb8faa20ab9,5357,size_in_bytes,lib/ocaml/compiler-libs/flambda2_simplify__Simplify_let_cont_expr.cmti,34994
2026-02-06T15:02:15Z,7e7d5d8c97a8904890a2adfd4ee81cb8faa20ab9,5357,size_in_bytes,lib/ocaml/compiler-libs/flambda2_types.cmti,588850
2026-02-06T15:02:15Z,7e7d5d8c97a8904890a2adfd4ee81cb8faa20ab9,5357,size_in_bytes,lib/ocaml/compiler-libs/build_linker_args.cmti,19457
2026-02-06T15:02:15Z,7e7d5d8c97a8904890a2adfd4ee81cb8faa20ab9,5357,size_in_bytes,lib/ocaml/compiler-libs/cfg_deadcode.cmti,29271
2026-02-06T15:02:15Z,7e7d5d8c97a8904890a2adfd4ee81cb8faa20ab9,5357,size_in_bytes,lib/ocaml/compiler-libs/igot.cmti,28573
2026-02-06T15:02:15Z,7e7d5d8c97a8904890a2adfd4ee81cb8faa20ab9,5357,size_in_bytes,lib/ocaml/compiler-libs/asm_targets__Asm_label.cmti,149497
2026-02-06T15:02:15Z,7e7d5d8c97a8904890a2adfd4ee81cb8faa20ab9,5357,size_in_bytes,lib/ocaml/compiler-libs/cmm_helpers.cmti,598965
2026-02-06T15:02:15Z,7e7d5d8c97a8904890a2adfd4ee81cb8faa20ab9,5357,size_in_bytes,lib/ocaml/compiler-libs/makedepend.cmti,9954
2026-02-06T15:02:15Z,7e7d5d8c97a8904890a2adfd4ee81cb8faa20ab9,5357,size_in_bytes,lib/ocaml/compiler-libs/vectorize.cmti,29296
2026-02-06T15:02:15Z,7e7d5d8c97a8904890a2adfd4ee81cb8faa20ab9,5357,size_in_bytes,lib/ocaml/compiler-libs/parse.cmti,26882
2026-02-06T15:02:15Z,7e7d5d8c97a8904890a2adfd4ee81cb8faa20ab9,5357,size_in_bytes,lib/ocaml/compiler-libs/oxcaml_utils__Doubly_linked_list.cmti,69543
2026-02-06T15:02:15Z,7e7d5d8c97a8904890a2adfd4ee81cb8faa20ab9,5357,size_in_bytes,lib/ocaml/compiler-libs/partition.cmti,25499
2026-02-06T15:02:15Z,7e7d5d8c97a8904890a2adfd4ee81cb8faa20ab9,5357,size_in_bytes,lib/ocaml/compiler-libs/trace.cmti,22817
2026-02-06T15:02:15Z,7e7d5d8c97a8904890a2adfd4ee81cb8faa20ab9,5357,size_in_bytes,lib/ocaml/compiler-libs/flambda2_to_jsir__To_jsir_primitive.cmti,31212
2026-02-06T15:02:15Z,7e7d5d8c97a8904890a2adfd4ee81cb8faa20ab9,5357,size_in_bytes,lib/ocaml/compiler-libs/flambda2_simplify__Simplify_set_of_closures_context.cmti,45487
2026-02-06T15:02:15Z,7e7d5d8c97a8904890a2adfd4ee81cb8faa20ab9,5357,size_in_bytes,lib/ocaml/compiler-libs/flambda2_simplify__Simplify_set_of_closures.cmti,42067
2026-02-06T15:02:15Z,7e7d5d8c97a8904890a2adfd4ee81cb8faa20ab9,5357,size_in_bytes,lib/ocaml/compiler-libs/btype.cmti,455451
2026-02-06T15:02:15Z,7e7d5d8c97a8904890a2adfd4ee81cb8faa20ab9,5357,size_in_bytes,lib/ocaml/compiler-libs/proc.cmti,59118
2026-02-06T15:02:15Z,7e7d5d8c97a8904890a2adfd4ee81cb8faa20ab9,5357,size_in_bytes,lib/ocaml/compiler-libs/flambda2_terms__Flambda_primitive.cmti,474266
2026-02-06T15:02:15Z,7e7d5d8c97a8904890a2adfd4ee81cb8faa20ab9,5357,size_in_bytes,lib/ocaml/compiler-libs/translmode.cmti,19199
2026-02-06T15:02:15Z,7e7d5d8c97a8904890a2adfd4ee81cb8faa20ab9,5357,size_in_bytes,lib/ocaml/compiler-libs/flambda2_types__Typing_env_level.cmti,43355
2026-02-06T15:02:15Z,7e7d5d8c97a8904890a2adfd4ee81cb8faa20ab9,5357,size_in_bytes,lib/ocaml/compiler-libs/compenv.cmti,45271
2026-02-06T15:02:15Z,7e7d5d8c97a8904890a2adfd4ee81cb8faa20ab9,5357,size_in_bytes,lib/ocaml/compiler-libs/cmi_format.cmti,27693
2026-02-06T15:02:15Z,7e7d5d8c97a8904890a2adfd4ee81cb8faa20ab9,5357,size_in_bytes,lib/ocaml/compiler-libs/flambda2_simplify__Flow_types.cmti,82988
2026-02-06T15:02:15Z,7e7d5d8c97a8904890a2adfd4ee81cb8faa20ab9,5357,size_in_bytes,lib/ocaml/compiler-libs/flambda2_from_lambda__Closure_conversion.cmti,60820
2026-02-06T15:02:15Z,7e7d5d8c97a8904890a2adfd4ee81cb8faa20ab9,5357,size_in_bytes,lib/ocaml/compiler-libs/regalloc_substitution.cmti,36446
2026-02-06T15:02:15Z,7e7d5d8c97a8904890a2adfd4ee81cb8faa20ab9,5357,size_in_bytes,lib/ocaml/compiler-libs/x86_ast_utils.cmti,20346
2026-02-06T15:02:15Z,7e7d5d8c97a8904890a2adfd4ee81cb8faa20ab9,5357,size_in_bytes,lib/ocaml/compiler-libs/shape.cmti,372826
2026-02-06T15:02:15Z,7e7d5d8c97a8904890a2adfd4ee81cb8faa20ab9,5357,size_in_bytes,lib/ocaml/compiler-libs/cfg_with_layout.cmti,66873
2026-02-06T15:02:15Z,7e7d5d8c97a8904890a2adfd4ee81cb8faa20ab9,5357,size_in_bytes,lib/ocaml/compiler-libs/flambda2_bound_identifiers__Bound_parameters.cmti,41676
2026-02-06T15:02:15Z,7e7d5d8c97a8904890a2adfd4ee81cb8faa20ab9,5357,size_in_bytes,lib/ocaml/compiler-libs/printslambda.cmti,14384
2026-02-06T15:02:15Z,7e7d5d8c97a8904890a2adfd4ee81cb8faa20ab9,5357,size_in_bytes,lib/ocaml/compiler-libs/zero_alloc_info.cmti,17790
2026-02-06T15:02:15Z,7e7d5d8c97a8904890a2adfd4ee81cb8faa20ab9,5357,size_in_bytes,lib/ocaml/compiler-libs/typemode.cmti,30575
2026-02-06T15:02:15Z,7e7d5d8c97a8904890a2adfd4ee81cb8faa20ab9,5357,size_in_bytes,lib/ocaml/compiler-libs/flambda2_terms__Function_declarations.cmti,37972
2026-02-06T15:02:15Z,7e7d5d8c97a8904890a2adfd4ee81cb8faa20ab9,5357,size_in_bytes,lib/ocaml/compiler-libs/peephole_optimize.cmti,28858
2026-02-06T15:02:15Z,7e7d5d8c97a8904890a2adfd4ee81cb8faa20ab9,5357,size_in_bytes,lib/ocaml/compiler-libs/slambda.cmti,16433
2026-02-06T15:02:15Z,7e7d5d8c97a8904890a2adfd4ee81cb8faa20ab9,5357,size_in_bytes,lib/ocaml/compiler-libs/patterns.cmti,59235
2026-02-06T15:02:15Z,7e7d5d8c97a8904890a2adfd4ee81cb8faa20ab9,5357,size_in_bytes,lib/ocaml/compiler-libs/flambda2_simplify__Closure_info.cmti,29999
2026-02-06T15:02:15Z,7e7d5d8c97a8904890a2adfd4ee81cb8faa20ab9,5357,size_in_bytes,lib/ocaml/compiler-libs/flambda2_lattices__Or_unknown.cmti,171401
2026-02-06T15:02:15Z,7e7d5d8c97a8904890a2adfd4ee81cb8faa20ab9,5357,size_in_bytes,lib/ocaml/compiler-libs/oprint.cmti,23000
2026-02-06T15:02:15Z,7e7d5d8c97a8904890a2adfd4ee81cb8faa20ab9,5357,size_in_bytes,lib/ocaml/compiler-libs/flambda2_simplify_shared__Slot_offsets.cmti,51227
2026-02-06T15:02:15Z,7e7d5d8c97a8904890a2adfd4ee81cb8faa20ab9,5357,size_in_bytes,lib/ocaml/compiler-libs/printpat.cmti,18509
2026-02-06T15:02:15Z,7e7d5d8c97a8904890a2adfd4ee81cb8faa20ab9,5357,size_in_bytes,lib/ocaml/compiler-libs/jkind_axis.cmti,65993
2026-02-06T15:02:15Z,7e7d5d8c97a8904890a2adfd4ee81cb8faa20ab9,5357,size_in_bytes,lib/ocaml/compiler-libs/cfg_to_linear.cmti,31192
2026-02-06T15:02:15Z,7e7d5d8c97a8904890a2adfd4ee81cb8faa20ab9,5357,size_in_bytes,lib/ocaml/compiler-libs/flambda2_terms__Code_metadata.cmti,111734
2026-02-06T15:02:15Z,7e7d5d8c97a8904890a2adfd4ee81cb8faa20ab9,5357,size_in_bytes,lib/ocaml/compiler-libs/flambda2_kinds__Flambda_arity.cmti,46339
2026-02-06T15:02:15Z,7e7d5d8c97a8904890a2adfd4ee81cb8faa20ab9,5357,size_in_bytes,lib/ocaml/compiler-libs/flambda2_term_basics__Alloc_mode.cmti,54903
2026-02-06T15:02:15Z,7e7d5d8c97a8904890a2adfd4ee81cb8faa20ab9,5357,size_in_bytes,lib/ocaml/compiler-libs/flambda2_to_jsir__To_jsir_set_of_closures.cmti,31047
2026-02-06T15:02:15Z,7e7d5d8c97a8904890a2adfd4ee81cb8faa20ab9,5357,size_in_bytes,lib/ocaml/compiler-libs/linkage_name.cmti,112739
2026-02-06T15:02:15Z,7e7d5d8c97a8904890a2adfd4ee81cb8faa20ab9,5357,size_in_bytes,lib/ocaml/compiler-libs/flambda2_parser__Parse_flambda.cmti,32547
2026-02-06T15:02:15Z,7e7d5d8c97a8904890a2adfd4ee81cb8faa20ab9,5357,size_in_bytes,lib/ocaml/compiler-libs/flambda2_term_basics__Tag_and_size.cmti,139936
2026-02-06T15:02:15Z,7e7d5d8c97a8904890a2adfd4ee81cb8faa20ab9,5357,size_in_bytes,lib/ocaml/compiler-libs/flambda2_bound_identifiers__Bound_continuation.cmti,25191
2026-02-06T15:02:15Z,7e7d5d8c97a8904890a2adfd4ee81cb8faa20ab9,5357,size_in_bytes,lib/ocaml/compiler-libs/zero_alloc.cmti,25441
2026-02-06T15:02:15Z,7e7d5d8c97a8904890a2adfd4ee81cb8faa20ab9,5357,size_in_bytes,lib/ocaml/compiler-libs/stack_class_utils.cmti,61845
2026-02-06T15:02:15Z,7e7d5d8c97a8904890a2adfd4ee81cb8faa20ab9,5357,size_in_bytes,lib/ocaml/compiler-libs/asm_targets__Asm_directives.cmti,153377
2026-02-06T15:02:15Z,7e7d5d8c97a8904890a2adfd4ee81cb8faa20ab9,5357,size_in_bytes,lib/ocaml/compiler-libs/flambda2_parser__Flambda_parser.cmti,74851
2026-02-06T15:02:15Z,7e7d5d8c97a8904890a2adfd4ee81cb8faa20ab9,5357,size_in_bytes,lib/ocaml/compiler-libs/language_extension.cmti,65196
2026-02-06T15:02:15Z,7e7d5d8c97a8904890a2adfd4ee81cb8faa20ab9,5357,size_in_bytes,lib/ocaml/compiler-libs/identifiable.cmti,328666
2026-02-06T15:02:15Z,7e7d5d8c97a8904890a2adfd4ee81cb8faa20ab9,5357,size_in_bytes,lib/ocaml/compiler-libs/x86_ast.cmti,64512
2026-02-06T15:02:15Z,7e7d5d8c97a8904890a2adfd4ee81cb8faa20ab9,5357,size_in_bytes,lib/ocaml/compiler-libs/cmo_format.cmti,27450
2026-02-06T15:02:15Z,7e7d5d8c97a8904890a2adfd4ee81cb8faa20ab9,5357,size_in_bytes,lib/ocaml/compiler-libs/flambda2_simplify__Is_unboxing_beneficial.cmti,28566
2026-02-06T15:02:15Z,7e7d5d8c97a8904890a2adfd4ee81cb8faa20ab9,5357,size_in_bytes,lib/ocaml/compiler-libs/mixed_product_bytes.cmti,35337
2026-02-06T15:02:15Z,7e7d5d8c97a8904890a2adfd4ee81cb8faa20ab9,5357,size_in_bytes,lib/ocaml/compiler-libs/flambda2_terms__Regalloc_param_attribute.cmti,27026
2026-02-06T15:02:15Z,7e7d5d8c97a8904890a2adfd4ee81cb8faa20ab9,5357,size_in_bytes,lib/ocaml/compiler-libs/strongly_connected_components.cmti,38682
2026-02-06T15:02:15Z,7e7d5d8c97a8904890a2adfd4ee81cb8faa20ab9,5357,size_in_bytes,lib/ocaml/compiler-libs/flambda2_simplify__Number_adjuncts.cmti,685657
2026-02-06T15:02:15Z,7e7d5d8c97a8904890a2adfd4ee81cb8faa20ab9,5357,size_in_bytes,lib/ocaml/compiler-libs/regalloc_split_utils.cmti,41212
2026-02-06T15:02:15Z,7e7d5d8c97a8904890a2adfd4ee81cb8faa20ab9,5357,size_in_bytes,lib/ocaml/compiler-libs/flambda2_reaper__Rebuild.cmti,36369
2026-02-06T15:02:15Z,7e7d5d8c97a8904890a2adfd4ee81cb8faa20ab9,5357,size_in_bytes,lib/ocaml/compiler-libs/flambda2_identifiers__Code_id_or_name.cmti,32404
2026-02-06T15:02:15Z,7e7d5d8c97a8904890a2adfd4ee81cb8faa20ab9,5357,size_in_bytes,lib/ocaml/compiler-libs/flambda2_identifiers__Value_slot.cmti,156503
2026-02-06T15:02:15Z,7e7d5d8c97a8904890a2adfd4ee81cb8faa20ab9,5357,size_in_bytes,lib/ocaml/str/str.cmti,64340
2026-02-06T15:02:15Z,7e7d5d8c97a8904890a2adfd4ee81cb8faa20ab9,5357,size_in_bytes,lib/ocaml/std_exit.o,4472
2026-02-06T15:02:15Z,7e7d5d8c97a8904890a2adfd4ee81cb8faa20ab9,5357,size_in_bytes,lib/ocaml/compiler-libs/oxcaml_utils__Doubly_linked_list.o,77912
